1 0.500000 0.088477 0.656085 0.018519 0.000860
1 0.500000 0.124486 0.649735 0.016461 0.000860
1 0.497354 0.176955 0.652910 0.018519 0.000860
1 0.496825 0.211934 0.653968 0.018519 0.000860
1 0.497354 0.257202 0.652910 0.018519 0.000860
1 0.495767 0.296296 0.649735 0.018519 0.000860
1 0.491534 0.344650 0.649735 0.020576 0.000860
1 0.496296 0.380658 0.652910 0.018519 0.000860
1 0.492593 0.430041 0.651852 0.018519 0.000860
1 0.497354 0.473251 0.650794 0.018519 0.000860
1 0.496296 0.516461 0.652910 0.018519 0.000860
1 0.493651 0.554527 0.649735 0.024691 0.000860
1 0.496825 0.599794 0.651852 0.024691 0.000860
1 0.496825 0.638889 0.651852 0.020576 0.000860
1 0.497884 0.685185 0.658201 0.018519 0.000860
1 0.494709 0.728395 0.656085 0.014403 0.000860
1 0.499471 0.774691 0.652910 0.020576 0.000860
1 0.497354 0.814815 0.652910 0.018519 0.000860
1 0.500000 0.858025 0.653968 0.018519 0.000860
1 0.498413 0.902263 0.655026 0.016461 0.000860
1 0.500529 0.941358 0.650794 0.020576 0.000860
0 0.502011 0.983539 0.657143 0.026749 0.000860
1 0.495238 0.046296 0.635979 0.020576 0.000860
