1 0.499999 0.251435 0.656783 0.020528 0.874264
1 0.497135 0.296993 0.656105 0.020425 0.874264
1 0.501180 0.340730 0.655436 0.020091 0.874264
1 0.498512 0.379212 0.654308 0.018344 0.874264
1 0.501348 0.423762 0.657682 0.020091 0.874264
1 0.498904 0.463196 0.656220 0.017470 0.874264
1 0.497614 0.511390 0.655436 0.019217 0.874264
1 0.498166 0.553217 0.655436 0.020091 0.874264
1 0.498238 0.594097 0.658131 0.020964 0.874264
1 0.498108 0.640680 0.655436 0.020091 0.874264
1 0.494774 0.679423 0.653639 0.020648 0.874264
1 0.498557 0.728022 0.655436 0.020964 0.874264
1 0.498811 0.771168 0.653132 0.020091 0.874264
1 0.501238 0.807487 0.653409 0.020091 0.874264
1 0.501058 0.858098 0.655885 0.019868 0.874264
1 0.501319 0.897746 0.658638 0.019013 0.874264
1 0.502790 0.938077 0.657233 0.020964 0.874264
1 0.503015 0.984508 0.654987 0.020091 0.874264
1 0.498782 0.034356 0.655885 0.021838 0.874264
1 0.498108 0.075686 0.653639 0.017767 0.874264
1 0.497354 0.121502 0.652910 0.016461 0.874264
1 0.499471 0.167901 0.657143 0.018519 0.874264
1 0.496296 0.212243 0.652910 0.016461 0.874264
