1 0.503174 0.189707 0.656783 0.020528 0.713935
1 0.500309 0.229092 0.656105 0.020425 0.713935
1 0.500122 0.272828 0.655436 0.020091 0.713935
1 0.503803 0.317484 0.654308 0.018344 0.713935
1 0.501348 0.359976 0.657682 0.020091 0.713935
1 0.502079 0.403525 0.656220 0.017470 0.713935
1 0.503963 0.453777 0.655436 0.019217 0.713935
1 0.501340 0.493546 0.655436 0.020091 0.713935
1 0.503529 0.536484 0.658131 0.020964 0.713935
1 0.500225 0.576894 0.655436 0.020091 0.713935
1 0.503239 0.619752 0.653639 0.020648 0.713935
1 0.503848 0.664236 0.655436 0.020964 0.713935
1 0.503044 0.703267 0.653132 0.020091 0.713935
1 0.501238 0.747816 0.653409 0.020091 0.713935
1 0.503175 0.790196 0.655885 0.019868 0.713935
1 0.504494 0.833960 0.658638 0.019013 0.713935
1 0.504907 0.884580 0.657233 0.020964 0.713935
1 0.501957 0.922779 0.654987 0.020091 0.713935
1 0.499166 0.013958 0.653639 0.017767 0.713935
1 0.500529 0.063889 0.652910 0.016461 0.713935
1 0.503704 0.106173 0.657143 0.018519 0.713935
1 0.500529 0.148457 0.652910 0.016461 0.713935
1 0.504233 0.964095 0.651852 0.022634 0.713935
