1 0.494709 0.148148 0.656085 0.018519 0.003094
1 0.497884 0.188272 0.649735 0.016461 0.003094
1 0.498413 0.232510 0.652910 0.018519 0.003094
1 0.501058 0.279835 0.653968 0.018519 0.003094
1 0.498413 0.318930 0.652910 0.018519 0.003094
1 0.497884 0.366255 0.649735 0.018519 0.003094
1 0.498942 0.408436 0.649735 0.020576 0.003094
1 0.501587 0.444444 0.652910 0.018519 0.003094
1 0.498942 0.489712 0.651852 0.018519 0.003094
1 0.501587 0.530864 0.650794 0.018519 0.003094
1 0.500529 0.576132 0.652910 0.018519 0.003094
1 0.500000 0.620370 0.649735 0.024691 0.003094
1 0.503175 0.667695 0.651852 0.024691 0.003094
1 0.503175 0.706790 0.651852 0.020576 0.003094
1 0.501587 0.796296 0.646561 0.018519 0.003094
1 0.502116 0.756173 0.656085 0.024691 0.003094
1 0.501587 0.838477 0.652910 0.020576 0.003094
1 0.503704 0.882716 0.652910 0.018519 0.003094
1 0.504233 0.921811 0.653968 0.018519 0.003094
1 0.505820 0.971193 0.655026 0.016461 0.003094
1 0.494180 0.017695 0.650794 0.020576 0.003094
1 0.495767 0.104938 0.653968 0.026749 0.003094
1 0.494709 0.066255 0.649735 0.020576 0.003094
