0 0.502014 0.025412 0.658466 0.019533 0.000175
1 0.500122 0.059472 0.656334 0.022275 0.000175
1 0.500789 0.096087 0.655206 0.018985 0.000175
1 0.499840 0.144028 0.656783 0.020528 0.000175
1 0.501368 0.179709 0.656105 0.020425 0.000175
1 0.499064 0.225503 0.655436 0.020091 0.000175
1 0.498512 0.270159 0.654308 0.018344 0.000175
1 0.498173 0.314708 0.657682 0.020091 0.000175
1 0.501021 0.358258 0.656220 0.017470 0.000175
1 0.498672 0.392049 0.655436 0.019217 0.000175
1 0.499224 0.444163 0.655436 0.020091 0.000175
1 0.500354 0.482986 0.658131 0.020964 0.000175
1 0.495992 0.531626 0.655436 0.020091 0.000175
1 0.499007 0.578600 0.653639 0.020648 0.000175
1 0.500674 0.614853 0.655436 0.020964 0.000175
1 0.497753 0.660057 0.653132 0.020091 0.000175
1 0.497005 0.704606 0.653409 0.020091 0.000175
1 0.498942 0.749044 0.655885 0.019868 0.000175
1 0.503435 0.788692 0.658638 0.019013 0.000175
1 0.501732 0.835197 0.657233 0.020964 0.000175
1 0.500898 0.876689 0.654987 0.020091 0.000175
1 0.498782 0.918307 0.655885 0.021838 0.000175
1 0.499166 0.960254 0.653639 0.017767 0.000175
0 0.500000 0.991770 0.653968 0.010288 0.000175
