1 0.498942 0.072016 0.656085 0.018519 0.761834
1 0.498942 0.116255 0.649735 0.016461 0.761834
1 0.498413 0.162551 0.652910 0.018519 0.761834
1 0.498942 0.209877 0.653968 0.018519 0.761834
1 0.498413 0.253086 0.652910 0.018519 0.761834
1 0.498942 0.294239 0.649735 0.018519 0.761834
1 0.497884 0.330247 0.649735 0.020576 0.761834
1 0.500529 0.372428 0.652910 0.018519 0.761834
1 0.498942 0.421811 0.651852 0.018519 0.761834
1 0.495238 0.462963 0.650794 0.018519 0.761834
1 0.499471 0.510288 0.652910 0.018519 0.761834
1 0.498942 0.546296 0.649735 0.024691 0.761834
1 0.496825 0.593621 0.651852 0.024691 0.761834
1 0.494709 0.638889 0.651852 0.020576 0.761834
1 0.498413 0.679012 0.646561 0.018519 0.761834
1 0.498942 0.720165 0.656085 0.014403 0.761834
1 0.498413 0.764403 0.652910 0.020576 0.761834
1 0.499471 0.804527 0.652910 0.018519 0.761834
1 0.500000 0.849794 0.653968 0.018519 0.761834
1 0.503704 0.891975 0.655026 0.016461 0.761834
1 0.500529 0.935185 0.650794 0.020576 0.761834
1 0.495767 0.028807 0.653968 0.026749 0.761834
1 0.500000 0.980247 0.649735 0.020576 0.761834
