1 0.500000 0.061728 0.656085 0.018519 0.000893
1 0.500000 0.105967 0.649735 0.016461 0.000893
1 0.497354 0.146091 0.652910 0.018519 0.000893
1 0.496825 0.187243 0.653968 0.018519 0.000893
1 0.497354 0.234568 0.652910 0.018519 0.000893
1 0.495767 0.271605 0.649735 0.018519 0.000893
1 0.491534 0.319959 0.649735 0.020576 0.000893
1 0.493122 0.358025 0.652910 0.018519 0.000893
1 0.492593 0.401235 0.651852 0.018519 0.000893
1 0.496296 0.450617 0.650794 0.018519 0.000893
1 0.493122 0.491770 0.652910 0.018519 0.000893
1 0.493651 0.536008 0.649735 0.024691 0.000893
1 0.496825 0.577160 0.651852 0.024691 0.000893
1 0.496825 0.622428 0.651852 0.020576 0.000893
1 0.497884 0.660494 0.658201 0.018519 0.000893
1 0.495767 0.707819 0.656085 0.014403 0.000893
1 0.497354 0.750000 0.652910 0.020576 0.000893
1 0.497354 0.792181 0.652910 0.018519 0.000893
1 0.500000 0.839506 0.653968 0.018519 0.000893
1 0.498413 0.881687 0.655026 0.016461 0.000893
1 0.500529 0.922840 0.650794 0.020576 0.000893
1 0.498836 0.971193 0.657143 0.026749 0.000893
1 0.494180 0.019547 0.635979 0.020576 0.000893
