1 0.503174 0.298761 0.656783 0.020528 0.795098
1 0.502426 0.344318 0.656105 0.020425 0.795098
1 0.505413 0.390112 0.655436 0.020091 0.795098
1 0.504862 0.432710 0.654308 0.018344 0.795098
1 0.505581 0.473144 0.657682 0.020091 0.795098
1 0.503137 0.518751 0.656220 0.017470 0.795098
1 0.503963 0.556658 0.655436 0.019217 0.795098
1 0.497107 0.600542 0.655436 0.020091 0.795098
1 0.501413 0.641422 0.658131 0.020964 0.795098
1 0.500225 0.683890 0.655436 0.020091 0.795098
1 0.502181 0.728805 0.653639 0.020648 0.795098
1 0.501732 0.771232 0.655436 0.020964 0.795098
1 0.498811 0.818493 0.653132 0.020091 0.795098
1 0.499121 0.860985 0.653409 0.020091 0.795098
1 0.501058 0.901307 0.655885 0.019868 0.795098
1 0.501319 0.947128 0.658638 0.019013 0.795098
1 0.499616 0.989929 0.657233 0.020964 0.795098
1 0.499840 0.081681 0.655885 0.021838 0.795098
1 0.501283 0.127127 0.653639 0.017767 0.795098
1 0.497354 0.170885 0.652910 0.016461 0.795098
1 0.503704 0.211111 0.657143 0.018519 0.795098
1 0.499471 0.257510 0.652910 0.016461 0.795098
1 0.498413 0.046296 0.652910 0.020576 0.795098
