1 0.501058 0.121399 0.656085 0.018519 0.772479
1 0.496825 0.163580 0.649735 0.016461 0.772479
1 0.498413 0.211934 0.652910 0.018519 0.772479
1 0.493651 0.253086 0.653968 0.018519 0.772479
1 0.499471 0.294239 0.652910 0.018519 0.772479
1 0.500000 0.339506 0.649735 0.018519 0.772479
1 0.496825 0.385802 0.649735 0.020576 0.772479
1 0.496296 0.419753 0.652910 0.018519 0.772479
1 0.500000 0.465021 0.651852 0.018519 0.772479
1 0.497354 0.510288 0.650794 0.018519 0.772479
1 0.498413 0.555556 0.652910 0.018519 0.772479
1 0.496825 0.593621 0.649735 0.024691 0.772479
1 0.500000 0.638889 0.651852 0.024691 0.772479
1 0.501058 0.686214 0.651852 0.020576 0.772479
1 0.500529 0.722222 0.646561 0.018519 0.772479
1 0.502116 0.765432 0.656085 0.014403 0.772479
1 0.499471 0.809671 0.652910 0.020576 0.772479
1 0.500529 0.858025 0.652910 0.018519 0.772479
1 0.502116 0.899177 0.653968 0.018519 0.772479
1 0.503704 0.939300 0.655026 0.016461 0.772479
1 0.503704 0.983539 0.655026 0.022634 0.772479
1 0.500529 0.077160 0.657143 0.016461 0.772479
1 0.500000 0.044033 0.649735 0.020576 0.772479
