1 0.499999 0.234975 0.656783 0.020528 0.727906
1 0.502426 0.282590 0.656105 0.020425 0.727906
1 0.500122 0.324269 0.655436 0.020091 0.727906
1 0.503803 0.366867 0.654308 0.018344 0.727906
1 0.503464 0.409358 0.657682 0.020091 0.727906
1 0.501021 0.452908 0.656220 0.017470 0.727906
1 0.498672 0.492872 0.655436 0.019217 0.727906
1 0.502398 0.534698 0.655436 0.020091 0.727906
1 0.501413 0.581751 0.658131 0.020964 0.727906
1 0.501283 0.622161 0.655436 0.020091 0.727906
1 0.500065 0.665019 0.653639 0.020648 0.727906
1 0.501732 0.709504 0.655436 0.020964 0.727906
1 0.503044 0.752650 0.653132 0.020091 0.727906
1 0.502296 0.797199 0.653409 0.020091 0.727906
1 0.502116 0.835464 0.655885 0.019868 0.727906
1 0.502377 0.879227 0.658638 0.019013 0.727906
1 0.500674 0.929847 0.657233 0.020964 0.727906
1 0.503015 0.968047 0.654987 0.020091 0.727906
1 0.501957 0.017895 0.655885 0.021838 0.727906
1 0.502341 0.065398 0.653639 0.017767 0.727906
1 0.502646 0.109156 0.652910 0.016461 0.727906
1 0.503704 0.151440 0.657143 0.018519 0.727906
1 0.500529 0.193724 0.652910 0.016461 0.727906
