1 0.498782 0.934563 0.656783 0.020528 0.001998
0 0.496077 0.982178 0.656105 0.020425 0.001998
1 0.498006 0.025915 0.655436 0.020091 0.001998
1 0.495338 0.068513 0.654308 0.018344 0.001998
1 0.498173 0.106889 0.657682 0.020091 0.001998
1 0.499963 0.152496 0.656220 0.017470 0.001998
1 0.497614 0.204806 0.655436 0.019217 0.001998
1 0.498166 0.246633 0.655436 0.020091 0.001998
1 0.500354 0.293685 0.658131 0.020964 0.001998
1 0.498108 0.332038 0.655436 0.020091 0.001998
1 0.499007 0.374896 0.653639 0.020648 0.001998
1 0.497499 0.421438 0.655436 0.020964 0.001998
1 0.497753 0.458411 0.653132 0.020091 0.001998
1 0.494889 0.500903 0.653409 0.020091 0.001998
1 0.496825 0.549456 0.655885 0.019868 0.001998
1 0.496028 0.593219 0.658638 0.019013 0.001998
1 0.497499 0.631493 0.657233 0.020964 0.001998
1 0.496666 0.672985 0.654987 0.020091 0.001998
1 0.496666 0.720776 0.655885 0.021838 0.001998
1 0.495992 0.764987 0.653639 0.017767 0.001998
1 0.496296 0.807613 0.652910 0.016461 0.001998
1 0.494180 0.846914 0.657143 0.018519 0.001998
1 0.495238 0.893313 0.652910 0.016461 0.001998
