1 0.502115 0.302876 0.656783 0.020528 0.827696
1 0.499251 0.346376 0.656105 0.020425 0.827696
1 0.501180 0.390112 0.655436 0.020091 0.827696
1 0.500629 0.432710 0.654308 0.018344 0.827696
1 0.503464 0.475202 0.657682 0.020091 0.827696
1 0.502079 0.518751 0.656220 0.017470 0.827696
1 0.501847 0.556658 0.655436 0.019217 0.827696
1 0.499224 0.602600 0.655436 0.020091 0.827696
1 0.501413 0.645537 0.658131 0.020964 0.827696
1 0.504457 0.692120 0.655436 0.020091 0.827696
1 0.501123 0.732921 0.653639 0.020648 0.827696
1 0.500674 0.779462 0.655436 0.020964 0.827696
1 0.501985 0.818493 0.653132 0.020091 0.827696
1 0.503354 0.865100 0.653409 0.020091 0.827696
1 0.504233 0.907480 0.655885 0.019868 0.827696
1 0.505552 0.951244 0.658638 0.019013 0.827696
1 0.500898 0.051174 0.654987 0.020091 0.827696
1 0.503015 0.089912 0.655885 0.021838 0.827696
1 0.499166 0.133299 0.653639 0.017767 0.827696
1 0.498413 0.175000 0.652910 0.016461 0.827696
1 0.502646 0.219342 0.657143 0.018519 0.827696
1 0.500529 0.261626 0.652910 0.016461 0.827696
0 0.500000 0.011420 0.662434 0.024486 0.827696
1 0.502646 0.988683 0.661376 0.020576 0.827696
