1 0.502115 0.255551 0.656783 0.020528 0.731232
1 0.502426 0.299050 0.656105 0.020425 0.731232
1 0.500122 0.340730 0.655436 0.020091 0.731232
1 0.502745 0.387443 0.654308 0.018344 0.731232
1 0.503464 0.425819 0.657682 0.020091 0.731232
1 0.502079 0.469369 0.656220 0.017470 0.731232
1 0.499730 0.515506 0.655436 0.019217 0.731232
1 0.503457 0.557332 0.655436 0.020091 0.731232
1 0.502471 0.600270 0.658131 0.020964 0.731232
1 0.501283 0.642738 0.655436 0.020091 0.731232
1 0.501123 0.685596 0.653639 0.020648 0.731232
1 0.501732 0.728022 0.655436 0.020964 0.731232
1 0.501985 0.775283 0.653132 0.020091 0.731232
1 0.502296 0.815717 0.653409 0.020091 0.731232
1 0.502116 0.858098 0.655885 0.019868 0.731232
1 0.501319 0.903919 0.658638 0.019013 0.731232
1 0.500674 0.942193 0.657233 0.020964 0.731232
1 0.499840 0.984508 0.654987 0.020091 0.731232
1 0.501957 0.040529 0.655885 0.021838 0.731232
1 0.503399 0.085974 0.653639 0.017767 0.731232
1 0.502646 0.125617 0.652910 0.016461 0.731232
1 0.504762 0.174074 0.657143 0.018519 0.731232
1 0.500529 0.214300 0.652910 0.016461 0.731232
