1 0.505131 0.029213 0.656783 0.020528 0.001729
1 0.503484 0.064483 0.656105 0.020425 0.001729
1 0.501180 0.106162 0.655436 0.020091 0.001729
1 0.500629 0.146702 0.654308 0.018344 0.001729
1 0.502406 0.189194 0.657682 0.020091 0.001729
1 0.501021 0.232743 0.656220 0.017470 0.001729
1 0.502905 0.274765 0.655436 0.019217 0.001729
1 0.500282 0.320707 0.655436 0.020091 0.001729
1 0.502471 0.369817 0.658131 0.020964 0.001729
1 0.501283 0.408170 0.655436 0.020091 0.001729
1 0.500065 0.451028 0.653639 0.020648 0.001729
1 0.499616 0.489339 0.655436 0.020964 0.001729
1 0.498811 0.532485 0.653132 0.020091 0.001729
1 0.500180 0.579092 0.653409 0.020091 0.001729
1 0.498942 0.619414 0.655885 0.019868 0.001729
1 0.501319 0.663178 0.658638 0.019013 0.001729
1 0.499616 0.707625 0.657233 0.020964 0.001729
1 0.501957 0.751174 0.654987 0.020091 0.001729
1 0.499840 0.796908 0.655885 0.021838 0.001729
1 0.498108 0.839061 0.653639 0.017767 0.001729
1 0.498413 0.881687 0.652910 0.016461 0.001729
1 0.500529 0.927160 0.657143 0.018519 0.001729
1 0.497354 0.969444 0.652910 0.016461 0.001729
