1 0.498942 0.086420 0.656085 0.018519 0.680672
1 0.498942 0.130658 0.649735 0.016461 0.680672
1 0.498413 0.168724 0.652910 0.018519 0.680672
1 0.497884 0.213992 0.653968 0.018519 0.680672
1 0.496296 0.251029 0.652910 0.018519 0.680672
1 0.498942 0.294239 0.649735 0.018519 0.680672
1 0.497884 0.340535 0.649735 0.020576 0.680672
1 0.501587 0.384774 0.652910 0.018519 0.680672
1 0.498942 0.425926 0.651852 0.018519 0.680672
1 0.495238 0.471193 0.650794 0.018519 0.680672
1 0.499471 0.518519 0.652910 0.018519 0.680672
1 0.498942 0.556584 0.649735 0.024691 0.680672
1 0.496825 0.603909 0.651852 0.024691 0.680672
1 0.494709 0.645062 0.651852 0.020576 0.680672
1 0.497354 0.689300 0.646561 0.018519 0.680672
1 0.498942 0.732510 0.656085 0.014403 0.680672
1 0.497354 0.776749 0.652910 0.020576 0.680672
1 0.499471 0.814815 0.652910 0.018519 0.680672
1 0.498942 0.864198 0.653968 0.018519 0.680672
1 0.503704 0.904321 0.655026 0.016461 0.680672
1 0.500529 0.947531 0.650794 0.020576 0.680672
1 0.495767 0.041152 0.653968 0.026749 0.680672
1 0.498942 0.990535 0.649735 0.020576 0.680672
