1 0.498942 0.152263 0.656085 0.018519 0.002985
1 0.500000 0.194444 0.649735 0.016461 0.002985
1 0.499471 0.242798 0.652910 0.018519 0.002985
1 0.497884 0.283951 0.653968 0.018519 0.002985
1 0.498413 0.327160 0.652910 0.018519 0.002985
1 0.497884 0.366255 0.649735 0.018519 0.002985
1 0.490476 0.406379 0.649735 0.020576 0.002985
1 0.498413 0.448560 0.652910 0.018519 0.002985
1 0.494709 0.493827 0.651852 0.018519 0.002985
1 0.495238 0.537037 0.650794 0.018519 0.002985
1 0.499471 0.582305 0.652910 0.018519 0.002985
1 0.498942 0.626543 0.649735 0.024691 0.002985
1 0.502116 0.667695 0.651852 0.024691 0.002985
1 0.503175 0.710905 0.651852 0.020576 0.002985
1 0.500529 0.796296 0.646561 0.018519 0.002985
1 0.506349 0.752058 0.656085 0.024691 0.002985
1 0.501587 0.840535 0.652910 0.020576 0.002985
1 0.502646 0.886831 0.652910 0.018519 0.002985
1 0.503175 0.925926 0.653968 0.018519 0.002985
1 0.504762 0.971193 0.655026 0.016461 0.002985
1 0.495238 0.025926 0.650794 0.020576 0.002985
1 0.494709 0.109053 0.653968 0.026749 0.002985
1 0.493651 0.066255 0.649735 0.020576 0.002985
