1 0.502115 0.241147 0.656783 0.020528 0.998669
1 0.501368 0.282590 0.656105 0.020425 0.998669
1 0.498006 0.330442 0.655436 0.020091 0.998669
1 0.498512 0.370982 0.654308 0.018344 0.998669
1 0.497115 0.413473 0.657682 0.020091 0.998669
1 0.499963 0.459081 0.656220 0.017470 0.998669
1 0.498672 0.499045 0.655436 0.019217 0.998669
1 0.497107 0.540871 0.655436 0.020091 0.998669
1 0.496122 0.585867 0.658131 0.020964 0.998669
1 0.495992 0.626277 0.655436 0.020091 0.998669
1 0.497948 0.673250 0.653639 0.020648 0.998669
1 0.498557 0.715676 0.655436 0.020964 0.998669
1 0.497753 0.758823 0.653132 0.020091 0.998669
1 0.500180 0.805429 0.653409 0.020091 0.998669
1 0.498942 0.845752 0.655885 0.019868 0.998669
1 0.501319 0.887458 0.658638 0.019013 0.998669
1 0.501732 0.931905 0.657233 0.020964 0.998669
1 0.501957 0.973602 0.654987 0.020091 0.998669
1 0.500898 0.026126 0.655885 0.021838 0.998669
1 0.501283 0.073629 0.653639 0.017767 0.998669
1 0.496296 0.117387 0.652910 0.016461 0.998669
1 0.498413 0.155556 0.657143 0.018519 0.998669
1 0.499471 0.197840 0.652910 0.016461 0.998669
