1 0.498942 0.123457 0.656085 0.018519 0.002929
1 0.496825 0.169753 0.649735 0.016461 0.002929
1 0.495238 0.205761 0.652910 0.018519 0.002929
1 0.496825 0.257202 0.653968 0.018519 0.002929
1 0.496296 0.300412 0.652910 0.018519 0.002929
1 0.494709 0.343621 0.649735 0.018519 0.002929
1 0.495767 0.383745 0.649735 0.020576 0.002929
1 0.497354 0.427984 0.652910 0.018519 0.002929
1 0.496825 0.467078 0.651852 0.018519 0.002929
1 0.498413 0.514403 0.650794 0.018519 0.002929
1 0.498413 0.553498 0.652910 0.018519 0.002929
1 0.498942 0.601852 0.649735 0.024691 0.002929
1 0.500000 0.645062 0.651852 0.024691 0.002929
1 0.502116 0.682099 0.651852 0.020576 0.002929
1 0.500529 0.777778 0.646561 0.018519 0.002929
1 0.503175 0.731481 0.656085 0.024691 0.002929
1 0.501587 0.815844 0.652910 0.020576 0.002929
1 0.500529 0.862140 0.652910 0.018519 0.002929
1 0.501058 0.903292 0.653968 0.018519 0.002929
1 0.506878 0.940329 0.655026 0.016461 0.002929
1 0.500529 0.988889 0.650794 0.020576 0.002929
1 0.494709 0.086420 0.653968 0.026749 0.002929
1 0.493651 0.045679 0.649735 0.020576 0.002929
