1 0.503174 0.189707 0.656783 0.020528 0.715931
1 0.500309 0.235264 0.656105 0.020425 0.715931
1 0.500122 0.272828 0.655436 0.020091 0.715931
1 0.503803 0.321599 0.654308 0.018344 0.715931
1 0.501348 0.362033 0.657682 0.020091 0.715931
1 0.502079 0.409698 0.656220 0.017470 0.715931
1 0.500789 0.449662 0.655436 0.019217 0.715931
1 0.502398 0.491488 0.655436 0.020091 0.715931
1 0.501413 0.530311 0.658131 0.020964 0.715931
1 0.500225 0.576894 0.655436 0.020091 0.715931
1 0.503239 0.619752 0.653639 0.020648 0.715931
1 0.503848 0.664236 0.655436 0.020964 0.715931
1 0.503044 0.711497 0.653132 0.020091 0.715931
1 0.504412 0.751931 0.653409 0.020091 0.715931
1 0.504233 0.794312 0.655885 0.019868 0.715931
1 0.503435 0.838075 0.658638 0.019013 0.715931
1 0.500674 0.880464 0.657233 0.020964 0.715931
1 0.501957 0.922779 0.654987 0.020091 0.715931
1 0.499166 0.024246 0.653639 0.017767 0.715931
1 0.501587 0.068004 0.652910 0.016461 0.715931
1 0.503704 0.110288 0.657143 0.018519 0.715931
1 0.500529 0.148457 0.652910 0.016461 0.715931
1 0.504233 0.964095 0.651852 0.022634 0.715931
