1 0.499999 0.300818 0.656783 0.020528 0.813725
1 0.500309 0.348433 0.656105 0.020425 0.813725
1 0.502239 0.390112 0.655436 0.020091 0.813725
1 0.503803 0.430653 0.654308 0.018344 0.813725
1 0.503464 0.466971 0.657682 0.020091 0.813725
1 0.497846 0.510521 0.656220 0.017470 0.813725
1 0.502905 0.556658 0.655436 0.019217 0.813725
1 0.500282 0.596427 0.655436 0.020091 0.813725
1 0.502471 0.643480 0.658131 0.020964 0.813725
1 0.500225 0.685947 0.655436 0.020091 0.813725
1 0.499007 0.728805 0.653639 0.020648 0.813725
1 0.500674 0.769174 0.655436 0.020964 0.813725
1 0.503044 0.816436 0.653132 0.020091 0.813725
1 0.500180 0.856870 0.653409 0.020091 0.813725
1 0.501058 0.907480 0.655885 0.019868 0.813725
1 0.506610 0.947128 0.658638 0.019013 0.813725
1 0.499840 0.038829 0.654987 0.020091 0.813725
1 0.501957 0.083739 0.655885 0.021838 0.813725
1 0.497050 0.127127 0.653639 0.017767 0.813725
1 0.498413 0.172942 0.652910 0.016461 0.813725
1 0.502646 0.215226 0.657143 0.018519 0.813725
1 0.502646 0.257510 0.652910 0.016461 0.813725
1 0.502646 0.990021 0.657143 0.016461 0.813725
