1 0.499999 0.218514 0.656783 0.020528 0.658053
1 0.500309 0.259956 0.656105 0.020425 0.658053
1 0.501180 0.305750 0.655436 0.020091 0.658053
1 0.499571 0.350406 0.654308 0.018344 0.658053
1 0.499231 0.397013 0.657682 0.020091 0.658053
1 0.499963 0.434389 0.656220 0.017470 0.658053
1 0.498672 0.480526 0.655436 0.019217 0.658053
1 0.499224 0.518237 0.655436 0.020091 0.658053
1 0.501413 0.573521 0.658131 0.020964 0.658053
1 0.500225 0.609816 0.655436 0.020091 0.658053
1 0.497948 0.652674 0.653639 0.020648 0.658053
1 0.499616 0.693043 0.655436 0.020964 0.658053
1 0.498811 0.742362 0.653132 0.020091 0.658053
1 0.499121 0.788968 0.653409 0.020091 0.658053
1 0.498942 0.827233 0.655885 0.019868 0.658053
1 0.500261 0.870997 0.658638 0.019013 0.658053
1 0.499616 0.913386 0.657233 0.020964 0.658053
1 0.500898 0.957141 0.654987 0.020091 0.658053
1 0.500898 0.011723 0.655885 0.021838 0.658053
1 0.498108 0.050995 0.653639 0.017767 0.658053
1 0.499471 0.088580 0.652910 0.016461 0.658053
1 0.500529 0.137037 0.657143 0.018519 0.658053
1 0.500529 0.175206 0.652910 0.016461 0.658053
