1 0.499999 0.228802 0.656783 0.020528 0.727240
1 0.502426 0.268186 0.656105 0.020425 0.727240
1 0.500122 0.309866 0.655436 0.020091 0.727240
1 0.503803 0.356579 0.654308 0.018344 0.727240
1 0.503464 0.394955 0.657682 0.020091 0.727240
1 0.501021 0.440562 0.656220 0.017470 0.727240
1 0.498672 0.486699 0.655436 0.019217 0.727240
1 0.502398 0.532641 0.655436 0.020091 0.727240
1 0.501413 0.571463 0.658131 0.020964 0.727240
1 0.501283 0.615989 0.655436 0.020091 0.727240
1 0.500065 0.658847 0.653639 0.020648 0.727240
1 0.501732 0.703331 0.655436 0.020964 0.727240
1 0.503044 0.742362 0.653132 0.020091 0.727240
1 0.502296 0.791026 0.653409 0.020091 0.727240
1 0.502116 0.829291 0.655885 0.019868 0.727240
1 0.502377 0.877170 0.658638 0.019013 0.727240
1 0.501732 0.913386 0.657233 0.020964 0.727240
1 0.500898 0.959816 0.654987 0.020091 0.727240
1 0.501957 0.017895 0.655885 0.021838 0.727240
1 0.502341 0.057168 0.653639 0.017767 0.727240
1 0.502646 0.100926 0.652910 0.016461 0.727240
1 0.503704 0.145267 0.657143 0.018519 0.727240
1 0.500529 0.187551 0.652910 0.016461 0.727240
