1 0.499999 0.220571 0.656783 0.020528 0.645412
1 0.498193 0.264071 0.656105 0.020425 0.645412
1 0.500122 0.311923 0.655436 0.020091 0.645412
1 0.499571 0.352463 0.654308 0.018344 0.645412
1 0.500290 0.392897 0.657682 0.020091 0.645412
1 0.497846 0.440562 0.656220 0.017470 0.645412
1 0.497614 0.480526 0.655436 0.019217 0.645412
1 0.497107 0.522353 0.655436 0.020091 0.645412
1 0.500354 0.569406 0.658131 0.020964 0.645412
1 0.500225 0.613931 0.655436 0.020091 0.645412
1 0.499007 0.652674 0.653639 0.020648 0.645412
1 0.498557 0.695100 0.655436 0.020964 0.645412
1 0.495636 0.740304 0.653132 0.020091 0.645412
1 0.498063 0.780738 0.653409 0.020091 0.645412
1 0.497884 0.833406 0.655885 0.019868 0.645412
1 0.499203 0.873054 0.658638 0.019013 0.645412
1 0.500674 0.917501 0.657233 0.020964 0.645412
1 0.495607 0.955084 0.654987 0.020091 0.645412
0 0.498782 0.022011 0.655885 0.021838 0.645412
1 0.500225 0.050995 0.653639 0.017767 0.645412
1 0.499471 0.092695 0.652910 0.016461 0.645412
1 0.500529 0.137037 0.657143 0.018519 0.645412
1 0.499471 0.179321 0.652910 0.016461 0.645412
