1 0.504232 0.274069 0.656783 0.020528 0.798424
1 0.500309 0.317569 0.656105 0.020425 0.798424
1 0.502239 0.359248 0.655436 0.020091 0.798424
1 0.503803 0.403904 0.654308 0.018344 0.798424
1 0.503464 0.448453 0.657682 0.020091 0.798424
1 0.502079 0.489945 0.656220 0.017470 0.798424
1 0.503963 0.529909 0.655436 0.019217 0.798424
1 0.503457 0.571735 0.655436 0.020091 0.798424
1 0.501413 0.616731 0.658131 0.020964 0.798424
1 0.500225 0.659198 0.655436 0.020091 0.798424
1 0.502181 0.702056 0.653639 0.020648 0.798424
1 0.501732 0.748598 0.655436 0.020964 0.798424
1 0.498811 0.791744 0.653132 0.020091 0.798424
1 0.498063 0.836294 0.653409 0.020091 0.798424
1 0.501058 0.878674 0.655885 0.019868 0.798424
1 0.503435 0.922437 0.658638 0.019013 0.798424
1 0.501732 0.964826 0.657233 0.020964 0.798424
1 0.499840 0.056990 0.655885 0.021838 0.798424
1 0.499166 0.098320 0.653639 0.017767 0.798424
1 0.498413 0.144136 0.652910 0.016461 0.798424
1 0.500529 0.186420 0.657143 0.018519 0.798424
1 0.499471 0.232819 0.652910 0.016461 0.798424
1 0.497354 0.013374 0.652910 0.020576 0.798424
