1 0.501057 0.127979 0.656783 0.020528 0.001469
1 0.500309 0.169421 0.656105 0.020425 0.001469
1 0.500122 0.211100 0.655436 0.020091 0.001469
1 0.501687 0.253698 0.654308 0.018344 0.001469
1 0.504522 0.298247 0.657682 0.020091 0.001469
1 0.501021 0.343854 0.656220 0.017470 0.001469
1 0.500789 0.383818 0.655436 0.019217 0.001469
1 0.503457 0.429760 0.655436 0.020091 0.001469
1 0.503529 0.478871 0.658131 0.020964 0.001469
1 0.501283 0.517223 0.655436 0.020091 0.001469
1 0.499007 0.558023 0.653639 0.020648 0.001469
1 0.499616 0.598392 0.655436 0.020964 0.001469
1 0.498811 0.643596 0.653132 0.020091 0.001469
1 0.500180 0.688145 0.653409 0.020091 0.001469
1 0.502116 0.730526 0.655885 0.019868 0.001469
1 0.501319 0.776346 0.658638 0.019013 0.001469
1 0.498557 0.816678 0.657233 0.020964 0.001469
1 0.501957 0.866401 0.654987 0.020091 0.001469
1 0.499840 0.903904 0.655885 0.021838 0.001469
1 0.498108 0.948114 0.653639 0.017767 0.001469
0 0.499471 0.990741 0.652910 0.016461 0.001469
1 0.497354 0.046502 0.657143 0.018519 0.001469
1 0.497354 0.088786 0.652910 0.016461 0.001469
