1 0.498942 0.098765 0.656085 0.018519 0.002787
1 0.495767 0.138889 0.649735 0.016461 0.002787
1 0.493122 0.187243 0.652910 0.018519 0.002787
1 0.496825 0.232510 0.653968 0.018519 0.002787
1 0.498413 0.269547 0.652910 0.018519 0.002787
1 0.492593 0.314815 0.649735 0.018519 0.002787
1 0.495767 0.359053 0.649735 0.020576 0.002787
1 0.496296 0.401235 0.652910 0.018519 0.002787
1 0.497884 0.444444 0.651852 0.018519 0.002787
1 0.496296 0.485597 0.650794 0.018519 0.002787
1 0.496296 0.526749 0.652910 0.018519 0.002787
1 0.496825 0.570988 0.649735 0.024691 0.002787
1 0.494709 0.612140 0.651852 0.024691 0.002787
1 0.497884 0.657407 0.651852 0.020576 0.002787
1 0.496296 0.705761 0.646561 0.018519 0.002787
1 0.498942 0.752058 0.656085 0.024691 0.002787
1 0.497354 0.793210 0.652910 0.020576 0.002787
1 0.499471 0.833333 0.652910 0.018519 0.002787
1 0.497884 0.874486 0.653968 0.018519 0.002787
1 0.501587 0.922840 0.655026 0.016461 0.002787
1 0.497354 0.963992 0.650794 0.020576 0.002787
1 0.495767 0.061728 0.653968 0.026749 0.002787
1 0.493651 0.020988 0.649735 0.020576 0.002787
