1 0.494708 0.269954 0.656783 0.020528 0.003420
1 0.497135 0.313454 0.656105 0.020425 0.003420
1 0.494831 0.353075 0.655436 0.020091 0.003420
1 0.497454 0.397731 0.654308 0.018344 0.003420
1 0.499231 0.440222 0.657682 0.020091 0.003420
1 0.498904 0.485830 0.656220 0.017470 0.003420
1 0.496556 0.529909 0.655436 0.019217 0.003420
1 0.497107 0.567620 0.655436 0.020091 0.003420
1 0.499296 0.616731 0.658131 0.020964 0.003420
1 0.493875 0.659198 0.655436 0.020091 0.003420
1 0.494774 0.702056 0.653639 0.020648 0.003420
1 0.497499 0.742425 0.655436 0.020964 0.003420
1 0.494578 0.785571 0.653132 0.020091 0.003420
1 0.494889 0.826006 0.653409 0.020091 0.003420
1 0.497884 0.874558 0.655885 0.019868 0.003420
1 0.498144 0.914207 0.658638 0.019013 0.003420
1 0.500674 0.958654 0.657233 0.020964 0.003420
0 0.496666 0.010639 0.654987 0.020091 0.003420
1 0.496666 0.054932 0.655885 0.021838 0.003420
1 0.494934 0.098320 0.653639 0.017767 0.003420
1 0.496296 0.142078 0.652910 0.016461 0.003420
1 0.499471 0.186420 0.657143 0.018519 0.003420
1 0.493122 0.230761 0.652910 0.016461 0.003420
