1 0.498942 0.148148 0.656085 0.018519 0.002957
1 0.500000 0.188272 0.649735 0.016461 0.002957
1 0.497354 0.228395 0.652910 0.018519 0.002957
1 0.498942 0.277778 0.653968 0.018519 0.002957
1 0.498413 0.320988 0.652910 0.018519 0.002957
1 0.495767 0.362140 0.649735 0.018519 0.002957
1 0.495767 0.406379 0.649735 0.020576 0.002957
1 0.497354 0.450617 0.652910 0.018519 0.002957
1 0.493651 0.491770 0.651852 0.018519 0.002957
1 0.500529 0.528807 0.650794 0.018519 0.002957
1 0.499471 0.572016 0.652910 0.018519 0.002957
1 0.498942 0.622428 0.649735 0.024691 0.002957
1 0.502116 0.661523 0.651852 0.024691 0.002957
1 0.503175 0.706790 0.651852 0.020576 0.002957
1 0.500529 0.792181 0.646561 0.018519 0.002957
1 0.503175 0.752058 0.656085 0.024691 0.002957
1 0.501587 0.836420 0.652910 0.020576 0.002957
1 0.501587 0.882716 0.652910 0.018519 0.002957
1 0.503175 0.921811 0.653968 0.018519 0.002957
1 0.504762 0.962963 0.655026 0.016461 0.002957
1 0.495238 0.021811 0.650794 0.020576 0.002957
1 0.494709 0.106996 0.653968 0.026749 0.002957
1 0.493651 0.062140 0.649735 0.020576 0.002957
