1 0.501058 0.088477 0.656085 0.018519 0.769152
1 0.496825 0.136831 0.649735 0.016461 0.769152
1 0.497354 0.174897 0.652910 0.018519 0.769152
1 0.497884 0.222222 0.653968 0.018519 0.769152
1 0.499471 0.263374 0.652910 0.018519 0.769152
1 0.500000 0.298354 0.649735 0.018519 0.769152
1 0.496825 0.346708 0.649735 0.020576 0.769152
1 0.496296 0.386831 0.652910 0.018519 0.769152
1 0.500000 0.434156 0.651852 0.018519 0.769152
1 0.497354 0.479424 0.650794 0.018519 0.769152
1 0.498413 0.518519 0.652910 0.018519 0.769152
1 0.498942 0.560700 0.649735 0.024691 0.769152
1 0.500000 0.610082 0.651852 0.024691 0.769152
1 0.501058 0.655350 0.651852 0.020576 0.769152
1 0.499471 0.691358 0.646561 0.018519 0.769152
1 0.502116 0.736626 0.656085 0.014403 0.769152
1 0.498413 0.774691 0.652910 0.020576 0.769152
1 0.502646 0.820988 0.652910 0.018519 0.769152
1 0.502116 0.864198 0.653968 0.018519 0.769152
1 0.503704 0.906379 0.655026 0.016461 0.769152
1 0.503704 0.950617 0.655026 0.022634 0.769152
1 0.499471 0.054527 0.657143 0.016461 0.769152
1 0.502116 0.009311 0.658201 0.020473 0.769152
0 0.500000 0.986934 0.651852 0.026749 0.769152
