1 0.499999 0.251435 0.656783 0.020528 0.646743
1 0.498193 0.290820 0.656105 0.020425 0.646743
1 0.500122 0.332499 0.655436 0.020091 0.646743
1 0.499571 0.379212 0.654308 0.018344 0.646743
1 0.500290 0.419646 0.657682 0.020091 0.646743
1 0.497846 0.463196 0.656220 0.017470 0.646743
1 0.497614 0.505218 0.655436 0.019217 0.646743
1 0.498166 0.547044 0.655436 0.020091 0.646743
1 0.500354 0.587924 0.658131 0.020964 0.646743
1 0.500225 0.636565 0.655436 0.020091 0.646743
1 0.497948 0.679423 0.653639 0.020648 0.646743
1 0.498557 0.717734 0.655436 0.020964 0.646743
1 0.495636 0.762938 0.653132 0.020091 0.646743
1 0.499121 0.809545 0.653409 0.020091 0.646743
1 0.497884 0.849867 0.655885 0.019868 0.646743
1 0.500261 0.893630 0.658638 0.019013 0.646743
1 0.500674 0.933962 0.657233 0.020964 0.646743
1 0.497724 0.977718 0.654987 0.020091 0.646743
1 0.500898 0.036414 0.655885 0.021838 0.646743
1 0.500225 0.073629 0.653639 0.017767 0.646743
1 0.499471 0.115329 0.652910 0.016461 0.646743
1 0.500529 0.159671 0.657143 0.018519 0.646743
1 0.499471 0.204012 0.652910 0.016461 0.646743
