1 0.497724 0.024687 0.656783 0.020528 0.001077
1 0.499251 0.068598 0.656105 0.020425 0.001077
1 0.498006 0.112335 0.655436 0.020091 0.001077
1 0.496396 0.156990 0.654308 0.018344 0.001077
1 0.501348 0.201539 0.657682 0.020091 0.001077
1 0.503137 0.240974 0.656220 0.017470 0.001077
1 0.498672 0.285053 0.655436 0.019217 0.001077
1 0.501340 0.328937 0.655436 0.020091 0.001077
1 0.502471 0.371875 0.658131 0.020964 0.001077
1 0.500225 0.414342 0.655436 0.020091 0.001077
1 0.501123 0.459258 0.653639 0.020648 0.001077
1 0.496441 0.499627 0.655436 0.020964 0.001077
1 0.498811 0.544831 0.653132 0.020091 0.001077
1 0.498063 0.589380 0.653409 0.020091 0.001077
1 0.497884 0.629703 0.655885 0.019868 0.001077
1 0.501319 0.675523 0.658638 0.019013 0.001077
1 0.499616 0.719970 0.657233 0.020964 0.001077
1 0.498782 0.761462 0.654987 0.020091 0.001077
1 0.498782 0.805138 0.655885 0.021838 0.001077
1 0.497050 0.843176 0.653639 0.017767 0.001077
1 0.498413 0.887860 0.652910 0.016461 0.001077
1 0.496296 0.933333 0.657143 0.018519 0.001077
1 0.496296 0.971502 0.652910 0.016461 0.001077
