1 0.498942 0.080247 0.656085 0.018519 0.680006
1 0.498942 0.118313 0.649735 0.016461 0.680006
1 0.498413 0.156379 0.652910 0.018519 0.680006
1 0.497884 0.199588 0.653968 0.018519 0.680006
1 0.496296 0.251029 0.652910 0.018519 0.680006
1 0.498942 0.294239 0.649735 0.018519 0.680006
1 0.497884 0.326132 0.649735 0.020576 0.680006
1 0.501587 0.376543 0.652910 0.018519 0.680006
1 0.498942 0.415638 0.651852 0.018519 0.680006
1 0.495238 0.460905 0.650794 0.018519 0.680006
1 0.499471 0.504115 0.652910 0.018519 0.680006
1 0.498942 0.544239 0.649735 0.024691 0.680006
1 0.496825 0.591564 0.651852 0.024691 0.680006
1 0.494709 0.638889 0.651852 0.020576 0.680006
1 0.497354 0.676955 0.646561 0.018519 0.680006
1 0.498942 0.718107 0.656085 0.014403 0.680006
1 0.499471 0.760288 0.652910 0.020576 0.680006
1 0.499471 0.810700 0.652910 0.018519 0.680006
1 0.500000 0.855967 0.653968 0.018519 0.680006
1 0.503704 0.896091 0.655026 0.016461 0.680006
1 0.500529 0.935185 0.650794 0.020576 0.680006
1 0.495767 0.034979 0.653968 0.026749 0.680006
1 0.502116 0.976132 0.649735 0.020576 0.680006
