1 0.501058 0.039095 0.656085 0.018519 0.000931
1 0.501058 0.079218 0.649735 0.016461 0.000931
1 0.499471 0.119342 0.652910 0.018519 0.000931
1 0.496825 0.168724 0.653968 0.018519 0.000931
1 0.497354 0.209877 0.652910 0.018519 0.000931
1 0.494709 0.255144 0.649735 0.018519 0.000931
1 0.493651 0.293210 0.649735 0.020576 0.000931
1 0.495238 0.335391 0.652910 0.018519 0.000931
1 0.492593 0.380658 0.651852 0.018519 0.000931
1 0.496296 0.427984 0.650794 0.018519 0.000931
1 0.498413 0.467078 0.652910 0.018519 0.000931
1 0.497884 0.509259 0.649735 0.024691 0.000931
1 0.500000 0.556584 0.651852 0.024691 0.000931
1 0.495767 0.599794 0.651852 0.020576 0.000931
1 0.500000 0.639918 0.658201 0.018519 0.000931
1 0.496825 0.687243 0.653968 0.026749 0.000931
1 0.501587 0.727366 0.652910 0.020576 0.000931
1 0.496296 0.769547 0.652910 0.018519 0.000931
1 0.501058 0.814815 0.653968 0.018519 0.000931
1 0.499471 0.859053 0.655026 0.016461 0.000931
1 0.495238 0.894033 0.650794 0.020576 0.000931
1 0.497778 0.944444 0.657143 0.026749 0.000931
1 0.497354 0.985597 0.655026 0.014403 0.000931
