1 0.498941 0.290530 0.656783 0.020528 0.959419
1 0.501368 0.336087 0.656105 0.020425 0.959419
1 0.500122 0.381882 0.655436 0.020091 0.959419
1 0.499571 0.424480 0.654308 0.018344 0.959419
1 0.502406 0.469029 0.657682 0.020091 0.959419
1 0.501021 0.506406 0.656220 0.017470 0.959419
1 0.500789 0.554600 0.655436 0.019217 0.959419
1 0.500282 0.590254 0.655436 0.020091 0.959419
1 0.502471 0.635249 0.658131 0.020964 0.959419
1 0.504457 0.677717 0.655436 0.020091 0.959419
1 0.503239 0.718517 0.653639 0.020648 0.959419
1 0.501732 0.763002 0.655436 0.020964 0.959419
1 0.501985 0.810263 0.653132 0.020091 0.959419
1 0.503354 0.854812 0.653409 0.020091 0.959419
1 0.506349 0.895135 0.655885 0.019868 0.959419
1 0.505552 0.938898 0.658638 0.019013 0.959419
1 0.502790 0.977687 0.657233 0.020964 0.959419
1 0.497724 0.029672 0.654987 0.020091 0.959419
1 0.498782 0.073965 0.655885 0.021838 0.959419
1 0.499166 0.116838 0.653639 0.017767 0.959419
1 0.498413 0.160597 0.652910 0.016461 0.959419
1 0.502646 0.211111 0.657143 0.018519 0.959419
1 0.500529 0.247222 0.652910 0.016461 0.959419
