1 0.504232 0.286415 0.656783 0.020528 0.796428
1 0.501368 0.329915 0.656105 0.020425 0.796428
1 0.502239 0.371594 0.655436 0.020091 0.796428
1 0.503803 0.410076 0.654308 0.018344 0.796428
1 0.503464 0.456683 0.657682 0.020091 0.796428
1 0.503137 0.498175 0.656220 0.017470 0.796428
1 0.503963 0.538139 0.655436 0.019217 0.796428
1 0.497107 0.582023 0.655436 0.020091 0.796428
1 0.501413 0.624961 0.658131 0.020964 0.796428
1 0.500225 0.665371 0.655436 0.020091 0.796428
1 0.502181 0.710287 0.653639 0.020648 0.796428
1 0.501732 0.752713 0.655436 0.020964 0.796428
1 0.498811 0.795860 0.653132 0.020091 0.796428
1 0.498063 0.842466 0.653409 0.020091 0.796428
1 0.501058 0.882789 0.655885 0.019868 0.796428
1 0.501319 0.928610 0.658638 0.019013 0.796428
1 0.500674 0.973057 0.657233 0.020964 0.796428
1 0.499840 0.073451 0.655885 0.021838 0.796428
1 0.499166 0.112723 0.653639 0.017767 0.796428
1 0.497354 0.150309 0.652910 0.016461 0.796428
1 0.501587 0.196708 0.657143 0.018519 0.796428
1 0.499471 0.236934 0.652910 0.016461 0.796428
1 0.497354 0.025720 0.652910 0.020576 0.796428
