1 0.498941 0.197938 0.656783 0.020528 0.940126
1 0.500309 0.237322 0.656105 0.020425 0.940126
1 0.496948 0.283117 0.655436 0.020091 0.940126
1 0.498512 0.321599 0.654308 0.018344 0.940126
1 0.497115 0.370264 0.657682 0.020091 0.940126
1 0.498904 0.411756 0.656220 0.017470 0.940126
1 0.497614 0.453777 0.655436 0.019217 0.940126
1 0.499224 0.495604 0.655436 0.020091 0.940126
1 0.497180 0.542657 0.658131 0.020964 0.940126
1 0.500225 0.585124 0.655436 0.020091 0.940126
1 0.494774 0.627982 0.653639 0.020648 0.940126
1 0.499616 0.668351 0.655436 0.020964 0.940126
1 0.498811 0.711497 0.653132 0.020091 0.940126
1 0.494889 0.753989 0.653409 0.020091 0.940126
1 0.501058 0.796369 0.655885 0.019868 0.940126
1 0.501319 0.844248 0.658638 0.019013 0.940126
1 0.499616 0.886637 0.657233 0.020964 0.940126
1 0.500898 0.930392 0.654987 0.020091 0.940126
1 0.500225 0.028361 0.653639 0.017767 0.940126
1 0.497354 0.065947 0.652910 0.016461 0.940126
1 0.501587 0.110288 0.657143 0.018519 0.940126
1 0.496296 0.154630 0.652910 0.016461 0.940126
1 0.500529 0.967850 0.652910 0.015947 0.940126
