0 0.505131 0.031271 0.656783 0.020528 0.001738
1 0.503484 0.054194 0.656105 0.020425 0.001738
1 0.501180 0.102047 0.655436 0.020091 0.001738
1 0.500629 0.140529 0.654308 0.018344 0.001738
1 0.502406 0.180963 0.657682 0.020091 0.001738
1 0.501021 0.226570 0.656220 0.017470 0.001738
1 0.502905 0.266534 0.655436 0.019217 0.001738
1 0.500282 0.310419 0.655436 0.020091 0.001738
1 0.502471 0.355414 0.658131 0.020964 0.001738
1 0.501283 0.401997 0.655436 0.020091 0.001738
1 0.500065 0.440740 0.653639 0.020648 0.001738
1 0.499616 0.485224 0.655436 0.020964 0.001738
1 0.498811 0.532485 0.653132 0.020091 0.001738
1 0.500180 0.572919 0.653409 0.020091 0.001738
1 0.498942 0.613242 0.655885 0.019868 0.001738
1 0.501319 0.661120 0.658638 0.019013 0.001738
1 0.499616 0.705567 0.657233 0.020964 0.001738
1 0.501957 0.742944 0.654987 0.020091 0.001738
1 0.499840 0.788677 0.655885 0.021838 0.001738
1 0.498108 0.828773 0.653639 0.017767 0.001738
1 0.498413 0.881687 0.652910 0.016461 0.001738
1 0.500529 0.920988 0.657143 0.018519 0.001738
1 0.497354 0.965329 0.652910 0.016461 0.001738
