1 0.496824 0.241147 0.656783 0.020528 0.636099
1 0.497135 0.282590 0.656105 0.020425 0.636099
1 0.498006 0.328384 0.655436 0.020091 0.636099
1 0.501687 0.368924 0.654308 0.018344 0.636099
1 0.500290 0.407301 0.657682 0.020091 0.636099
1 0.496788 0.450850 0.656220 0.017470 0.636099
1 0.496556 0.492872 0.655436 0.019217 0.636099
1 0.497107 0.538814 0.655436 0.020091 0.636099
1 0.500354 0.585867 0.658131 0.020964 0.636099
1 0.498108 0.628334 0.655436 0.020091 0.636099
1 0.497948 0.669135 0.653639 0.020648 0.636099
1 0.498557 0.713619 0.655436 0.020964 0.636099
1 0.497753 0.758823 0.653132 0.020091 0.636099
1 0.495947 0.797199 0.653409 0.020091 0.636099
1 0.497884 0.839579 0.655885 0.019868 0.636099
1 0.502377 0.885400 0.658638 0.019013 0.636099
1 0.499616 0.927789 0.657233 0.020964 0.636099
1 0.497724 0.973602 0.654987 0.020091 0.636099
1 0.493491 0.030241 0.655885 0.021838 0.636099
1 0.491759 0.071571 0.653639 0.017767 0.636099
1 0.494180 0.109156 0.652910 0.016461 0.636099
1 0.498413 0.153498 0.657143 0.018519 0.636099
1 0.493122 0.199897 0.652910 0.016461 0.636099
