1 0.503174 0.230859 0.656783 0.020528 0.980042
1 0.502426 0.274359 0.656105 0.020425 0.980042
1 0.502239 0.318096 0.655436 0.020091 0.980042
1 0.499571 0.354521 0.654308 0.018344 0.980042
1 0.501348 0.399070 0.657682 0.020091 0.980042
1 0.499963 0.442620 0.656220 0.017470 0.980042
1 0.503963 0.486699 0.655436 0.019217 0.980042
1 0.498166 0.532641 0.655436 0.020091 0.980042
1 0.502471 0.573521 0.658131 0.020964 0.980042
1 0.501283 0.615989 0.655436 0.020091 0.980042
1 0.497948 0.662962 0.653639 0.020648 0.980042
1 0.499616 0.701273 0.655436 0.020964 0.980042
1 0.498811 0.748534 0.653132 0.020091 0.980042
1 0.501238 0.791026 0.653409 0.020091 0.980042
1 0.502116 0.829291 0.655885 0.019868 0.980042
1 0.501319 0.873054 0.658638 0.019013 0.980042
1 0.498557 0.919559 0.657233 0.020964 0.980042
1 0.497724 0.959405 0.654987 0.020091 0.980042
1 0.498782 0.022011 0.655885 0.021838 0.980042
1 0.495992 0.061283 0.653639 0.017767 0.980042
1 0.495238 0.100926 0.652910 0.016461 0.980042
1 0.501587 0.143210 0.657143 0.018519 0.980042
1 0.498413 0.187551 0.652910 0.016461 0.980042
