1 0.502116 0.061728 0.656085 0.018519 0.743872
1 0.497884 0.103909 0.649735 0.016461 0.743872
1 0.503704 0.141975 0.652910 0.018519 0.743872
1 0.503175 0.187243 0.653968 0.018519 0.743872
1 0.500529 0.232510 0.652910 0.018519 0.743872
1 0.498942 0.275720 0.649735 0.018519 0.743872
1 0.501058 0.313786 0.649735 0.020576 0.743872
1 0.504762 0.362140 0.652910 0.018519 0.743872
1 0.503175 0.403292 0.651852 0.018519 0.743872
1 0.501587 0.442387 0.650794 0.018519 0.743872
1 0.504762 0.485597 0.652910 0.018519 0.743872
1 0.500000 0.527778 0.649735 0.024691 0.743872
1 0.497884 0.575103 0.647619 0.020576 0.743872
1 0.502116 0.618313 0.651852 0.020576 0.743872
1 0.500529 0.655350 0.659259 0.020576 0.743872
1 0.500000 0.701646 0.649735 0.018519 0.743872
1 0.499471 0.747942 0.652910 0.020576 0.743872
1 0.499471 0.790123 0.652910 0.018519 0.743872
1 0.502116 0.831276 0.653968 0.018519 0.743872
1 0.499471 0.879630 0.655026 0.016461 0.743872
1 0.499471 0.916667 0.650794 0.020576 0.743872
1 0.499471 0.012346 0.648677 0.018519 0.743872
1 0.500000 0.963786 0.649735 0.020576 0.743872
