1 0.498942 0.057613 0.656085 0.018519 0.696638
1 0.496825 0.101852 0.649735 0.016461 0.696638
1 0.498413 0.139918 0.652910 0.018519 0.696638
1 0.496825 0.187243 0.653968 0.018519 0.696638
1 0.494180 0.230453 0.652910 0.018519 0.696638
1 0.497884 0.271605 0.649735 0.018519 0.696638
1 0.497884 0.309671 0.649735 0.020576 0.696638
1 0.501587 0.351852 0.652910 0.018519 0.696638
1 0.500000 0.397119 0.651852 0.018519 0.696638
1 0.497354 0.444444 0.650794 0.018519 0.696638
1 0.499471 0.487654 0.652910 0.018519 0.696638
1 0.498942 0.529835 0.649735 0.024691 0.696638
1 0.496825 0.568930 0.651852 0.024691 0.696638
1 0.494709 0.616255 0.651852 0.020576 0.696638
1 0.497354 0.660494 0.646561 0.018519 0.696638
1 0.502116 0.701646 0.656085 0.014403 0.696638
1 0.498413 0.739712 0.652910 0.020576 0.696638
1 0.500529 0.781893 0.652910 0.018519 0.696638
1 0.498942 0.829218 0.653968 0.018519 0.696638
1 0.498413 0.873457 0.655026 0.016461 0.696638
1 0.501587 0.918724 0.650794 0.020576 0.696638
1 0.496825 0.014403 0.656085 0.018519 0.696638
1 0.501058 0.963786 0.649735 0.020576 0.696638
0 0.500000 0.991461 0.647619 0.018519 0.696638
