1 0.499999 0.230859 0.656783 0.020528 0.656722
1 0.500309 0.276417 0.656105 0.020425 0.656722
1 0.501180 0.316038 0.655436 0.020091 0.656722
1 0.496396 0.362751 0.654308 0.018344 0.656722
1 0.499231 0.411416 0.657682 0.020091 0.656722
1 0.499963 0.446735 0.656220 0.017470 0.656722
1 0.497614 0.494929 0.655436 0.019217 0.656722
1 0.498166 0.534698 0.655436 0.020091 0.656722
1 0.502471 0.583809 0.658131 0.020964 0.656722
1 0.500225 0.620104 0.655436 0.020091 0.656722
1 0.497948 0.669135 0.653639 0.020648 0.656722
1 0.499616 0.707446 0.655436 0.020964 0.656722
1 0.498811 0.748534 0.653132 0.020091 0.656722
1 0.499121 0.795141 0.653409 0.020091 0.656722
1 0.498942 0.843694 0.655885 0.019868 0.656722
1 0.500261 0.883342 0.658638 0.019013 0.656722
1 0.499616 0.927789 0.657233 0.020964 0.656722
1 0.500898 0.969487 0.654987 0.020091 0.656722
1 0.500898 0.019953 0.655885 0.021838 0.656722
1 0.498108 0.065398 0.653639 0.017767 0.656722
1 0.499471 0.105041 0.652910 0.016461 0.656722
1 0.500529 0.149383 0.657143 0.018519 0.656722
1 0.500529 0.189609 0.652910 0.016461 0.656722
