1 0.499999 0.241147 0.656783 0.020528 0.728571
1 0.502426 0.288762 0.656105 0.020425 0.728571
1 0.500122 0.332499 0.655436 0.020091 0.728571
1 0.503803 0.368924 0.654308 0.018344 0.728571
1 0.503464 0.415531 0.657682 0.020091 0.728571
1 0.502079 0.461138 0.656220 0.017470 0.728571
1 0.498672 0.501102 0.655436 0.019217 0.728571
1 0.502398 0.544986 0.655436 0.020091 0.728571
1 0.501413 0.592039 0.658131 0.020964 0.728571
1 0.501283 0.630392 0.655436 0.020091 0.728571
1 0.501123 0.675307 0.653639 0.020648 0.728571
1 0.501732 0.719792 0.655436 0.020964 0.728571
1 0.503044 0.756765 0.653132 0.020091 0.728571
1 0.502296 0.801314 0.653409 0.020091 0.728571
1 0.502116 0.847810 0.655885 0.019868 0.728571
1 0.501319 0.891573 0.658638 0.019013 0.728571
1 0.500674 0.929847 0.657233 0.020964 0.728571
1 0.499840 0.974220 0.654987 0.020091 0.728571
1 0.501957 0.032299 0.655885 0.021838 0.728571
1 0.502341 0.071571 0.653639 0.017767 0.728571
1 0.502646 0.117387 0.652910 0.016461 0.728571
1 0.503704 0.157613 0.657143 0.018519 0.728571
1 0.500529 0.201955 0.652910 0.016461 0.728571
