1 0.499999 0.282300 0.656783 0.020528 0.868277
1 0.498193 0.323742 0.656105 0.020425 0.868277
1 0.501180 0.371594 0.655436 0.020091 0.868277
1 0.497454 0.416249 0.654308 0.018344 0.868277
1 0.499231 0.456683 0.657682 0.020091 0.868277
1 0.497846 0.498175 0.656220 0.017470 0.868277
1 0.498672 0.542255 0.655436 0.019217 0.868277
1 0.496049 0.586139 0.655436 0.020091 0.868277
1 0.498238 0.622904 0.658131 0.020964 0.868277
1 0.494934 0.669486 0.655436 0.020091 0.868277
1 0.494774 0.714402 0.653639 0.020648 0.868277
1 0.497499 0.754771 0.655436 0.020964 0.868277
1 0.497753 0.797917 0.653132 0.020091 0.868277
1 0.501238 0.840409 0.653409 0.020091 0.868277
1 0.502116 0.886904 0.655885 0.019868 0.868277
1 0.501319 0.926552 0.658638 0.019013 0.868277
1 0.501732 0.966884 0.657233 0.020964 0.868277
1 0.500898 0.026483 0.654987 0.020091 0.868277
1 0.497724 0.067278 0.655885 0.021838 0.868277
1 0.497050 0.114781 0.653639 0.017767 0.868277
1 0.497354 0.156481 0.652910 0.016461 0.868277
1 0.501587 0.198765 0.657143 0.018519 0.868277
1 0.500529 0.241049 0.652910 0.016461 0.868277
