1 0.497884 0.086420 0.656085 0.018519 0.000742
1 0.500000 0.134774 0.649735 0.016461 0.000742
1 0.497354 0.174897 0.652910 0.018519 0.000742
1 0.495767 0.218107 0.653968 0.018519 0.000742
1 0.498413 0.259259 0.652910 0.018519 0.000742
1 0.500000 0.304527 0.649735 0.018519 0.000742
1 0.497884 0.348765 0.649735 0.020576 0.000742
1 0.501587 0.395062 0.652910 0.018519 0.000742
1 0.497884 0.432099 0.651852 0.018519 0.000742
1 0.499471 0.477366 0.650794 0.018519 0.000742
1 0.501587 0.518519 0.652910 0.018519 0.000742
1 0.501058 0.562757 0.649735 0.024691 0.000742
1 0.497884 0.612140 0.651852 0.024691 0.000742
1 0.503175 0.651235 0.651852 0.020576 0.000742
1 0.499471 0.697531 0.646561 0.018519 0.000742
1 0.498942 0.734568 0.656085 0.014403 0.000742
1 0.498413 0.778807 0.652910 0.020576 0.000742
1 0.498413 0.823045 0.652910 0.018519 0.000742
1 0.502116 0.868313 0.653968 0.018519 0.000742
1 0.500529 0.910494 0.655026 0.016461 0.000742
1 0.497354 0.957819 0.650794 0.020576 0.000742
0 0.503704 0.986728 0.657143 0.026749 0.000742
1 0.496825 0.051440 0.653968 0.026749 0.000742
0 0.501058 0.017490 0.653968 0.016461 0.000742
