1 0.492593 0.166667 0.656085 0.018519 0.003141
1 0.495767 0.208848 0.649735 0.016461 0.003141
1 0.494180 0.253086 0.652910 0.018519 0.003141
1 0.497884 0.296296 0.653968 0.018519 0.003141
1 0.497354 0.337449 0.652910 0.018519 0.003141
1 0.494709 0.382716 0.649735 0.018519 0.003141
1 0.498942 0.420782 0.649735 0.020576 0.003141
1 0.496296 0.469136 0.652910 0.018519 0.003141
1 0.500000 0.514403 0.651852 0.018519 0.003141
1 0.501587 0.555556 0.650794 0.018519 0.003141
1 0.499471 0.598765 0.652910 0.018519 0.003141
1 0.500000 0.636831 0.649735 0.024691 0.003141
1 0.505291 0.682099 0.651852 0.024691 0.003141
1 0.498942 0.723251 0.651852 0.020576 0.003141
1 0.499471 0.812757 0.646561 0.018519 0.003141
1 0.501058 0.770576 0.656085 0.024691 0.003141
1 0.502646 0.859053 0.652910 0.020576 0.003141
1 0.503704 0.901235 0.652910 0.018519 0.003141
1 0.504233 0.940329 0.653968 0.018519 0.003141
1 0.504762 0.987654 0.655026 0.016461 0.003141
1 0.491005 0.038272 0.650794 0.020576 0.003141
1 0.494709 0.119342 0.653968 0.026749 0.003141
1 0.494709 0.080658 0.649735 0.020576 0.003141
