1 0.502116 0.061728 0.656085 0.018519 0.744537
1 0.497884 0.105967 0.649735 0.016461 0.744537
1 0.503704 0.152263 0.652910 0.018519 0.744537
1 0.503175 0.191358 0.653968 0.018519 0.744537
1 0.500529 0.234568 0.652910 0.018519 0.744537
1 0.498942 0.275720 0.649735 0.018519 0.744537
1 0.501058 0.317901 0.649735 0.020576 0.744537
1 0.501587 0.366255 0.652910 0.018519 0.744537
1 0.503175 0.409465 0.651852 0.018519 0.744537
1 0.501587 0.452675 0.650794 0.018519 0.744537
1 0.504762 0.493827 0.652910 0.018519 0.744537
1 0.497884 0.536008 0.649735 0.024691 0.744537
1 0.497884 0.575103 0.647619 0.020576 0.744537
1 0.502116 0.620370 0.651852 0.020576 0.744537
1 0.500529 0.665638 0.659259 0.020576 0.744537
1 0.495767 0.711934 0.649735 0.018519 0.744537
1 0.500529 0.752058 0.652910 0.020576 0.744537
1 0.500529 0.796296 0.652910 0.018519 0.744537
1 0.503175 0.839506 0.653968 0.018519 0.744537
1 0.499471 0.883745 0.655026 0.016461 0.744537
1 0.503704 0.926955 0.650794 0.020576 0.744537
1 0.499471 0.022634 0.648677 0.018519 0.744537
1 0.500000 0.967901 0.649735 0.020576 0.744537
