1 0.498942 0.109053 0.656085 0.018519 0.002910
1 0.496825 0.155350 0.649735 0.016461 0.002910
1 0.496296 0.203704 0.652910 0.018519 0.002910
1 0.500000 0.246914 0.653968 0.018519 0.002910
1 0.499471 0.281893 0.652910 0.018519 0.002910
1 0.497884 0.333333 0.649735 0.018519 0.002910
1 0.498942 0.375514 0.649735 0.020576 0.002910
1 0.500529 0.415638 0.652910 0.018519 0.002910
1 0.502116 0.454733 0.651852 0.018519 0.002910
1 0.498413 0.504115 0.650794 0.018519 0.002910
1 0.495238 0.541152 0.652910 0.018519 0.002910
1 0.498942 0.587449 0.649735 0.024691 0.002910
1 0.497884 0.632716 0.651852 0.024691 0.002910
1 0.496825 0.675926 0.651852 0.020576 0.002910
1 0.497354 0.722222 0.646561 0.018519 0.002910
1 0.496825 0.759259 0.656085 0.014403 0.002910
1 0.495238 0.799383 0.652910 0.020576 0.002910
1 0.497354 0.845679 0.652910 0.018519 0.002910
1 0.495767 0.890947 0.653968 0.018519 0.002910
1 0.502646 0.935185 0.655026 0.016461 0.002910
1 0.502646 0.975617 0.650794 0.020576 0.002910
1 0.495767 0.074074 0.653968 0.026749 0.002910
1 0.494709 0.030967 0.649735 0.020576 0.002910
