1 0.503015 0.031271 0.656783 0.020528 0.001658
1 0.501368 0.076828 0.656105 0.020425 0.001658
1 0.501180 0.118507 0.655436 0.020091 0.001658
1 0.501687 0.161105 0.654308 0.018344 0.001658
1 0.504522 0.203597 0.657682 0.020091 0.001658
1 0.502079 0.251262 0.656220 0.017470 0.001658
1 0.502905 0.291226 0.655436 0.019217 0.001658
1 0.499224 0.333052 0.655436 0.020091 0.001658
1 0.504587 0.378048 0.658131 0.020964 0.001658
1 0.501283 0.422573 0.655436 0.020091 0.001658
1 0.500065 0.463373 0.653639 0.020648 0.001658
1 0.500674 0.511973 0.655436 0.020964 0.001658
1 0.500927 0.548946 0.653132 0.020091 0.001658
1 0.500180 0.595553 0.653409 0.020091 0.001658
1 0.500000 0.635875 0.655885 0.019868 0.001658
1 0.502377 0.679639 0.658638 0.019013 0.001658
1 0.500674 0.724086 0.657233 0.020964 0.001658
1 0.500898 0.765578 0.654987 0.020091 0.001658
1 0.501957 0.813369 0.655885 0.021838 0.001658
1 0.501283 0.859637 0.653639 0.017767 0.001658
1 0.498413 0.894033 0.652910 0.016461 0.001658
1 0.500529 0.939506 0.657143 0.018519 0.001658
1 0.499471 0.985905 0.652910 0.016461 0.001658
