1 0.498942 0.094650 0.656085 0.018519 0.775140
1 0.495767 0.138889 0.649735 0.016461 0.775140
1 0.495238 0.187243 0.652910 0.018519 0.775140
1 0.493651 0.228395 0.653968 0.018519 0.775140
1 0.498413 0.273663 0.652910 0.018519 0.775140
1 0.500000 0.316872 0.649735 0.018519 0.775140
1 0.495767 0.361111 0.649735 0.020576 0.775140
1 0.496296 0.405350 0.652910 0.018519 0.775140
1 0.496825 0.446502 0.651852 0.018519 0.775140
1 0.497354 0.489712 0.650794 0.018519 0.775140
1 0.496296 0.528807 0.652910 0.018519 0.775140
1 0.495767 0.570988 0.649735 0.024691 0.775140
1 0.500000 0.614198 0.651852 0.024691 0.775140
1 0.498942 0.657407 0.651852 0.020576 0.775140
1 0.499471 0.703704 0.646561 0.018519 0.775140
1 0.501058 0.744856 0.656085 0.014403 0.775140
1 0.495238 0.793210 0.652910 0.020576 0.775140
1 0.500529 0.835391 0.652910 0.018519 0.775140
1 0.502116 0.874486 0.653968 0.018519 0.775140
1 0.503704 0.922840 0.655026 0.016461 0.775140
1 0.498413 0.965021 0.655026 0.022634 0.775140
1 0.500529 0.054527 0.657143 0.016461 0.775140
1 0.495767 0.011111 0.649735 0.020576 0.775140
