1 0.499999 0.298761 0.656783 0.020528 0.808403
1 0.501368 0.334030 0.656105 0.020425 0.808403
1 0.503297 0.377767 0.655436 0.020091 0.808403
1 0.500629 0.426537 0.654308 0.018344 0.808403
1 0.500290 0.462856 0.657682 0.020091 0.808403
1 0.502079 0.508463 0.656220 0.017470 0.808403
1 0.503963 0.552543 0.655436 0.019217 0.808403
1 0.502398 0.596427 0.655436 0.020091 0.808403
1 0.503529 0.639364 0.658131 0.020964 0.808403
1 0.501283 0.685947 0.655436 0.020091 0.808403
1 0.499007 0.724690 0.653639 0.020648 0.808403
1 0.501732 0.763002 0.655436 0.020964 0.808403
1 0.503044 0.812320 0.653132 0.020091 0.808403
1 0.505471 0.850697 0.653409 0.020091 0.808403
1 0.504233 0.899250 0.655885 0.019868 0.808403
1 0.504494 0.940956 0.658638 0.019013 0.808403
1 0.499840 0.034508 0.654987 0.020091 0.808403
1 0.500898 0.083739 0.655885 0.021838 0.808403
1 0.503399 0.125069 0.653639 0.017767 0.808403
1 0.498413 0.175000 0.652910 0.016461 0.808403
1 0.503704 0.209053 0.657143 0.018519 0.808403
1 0.503704 0.251337 0.652910 0.016461 0.808403
1 0.502646 0.981790 0.657143 0.016461 0.808403
