1 0.498941 0.230859 0.656783 0.020528 0.954097
1 0.499251 0.272301 0.656105 0.020425 0.954097
1 0.498006 0.316038 0.655436 0.020091 0.954097
1 0.497454 0.358636 0.654308 0.018344 0.954097
1 0.498173 0.401128 0.657682 0.020091 0.954097
1 0.498904 0.444677 0.656220 0.017470 0.954097
1 0.498672 0.484641 0.655436 0.019217 0.954097
1 0.498166 0.530583 0.655436 0.020091 0.954097
1 0.499296 0.573521 0.658131 0.020964 0.954097
1 0.501283 0.615989 0.655436 0.020091 0.954097
1 0.497948 0.660904 0.653639 0.020648 0.954097
1 0.498557 0.701273 0.655436 0.020964 0.954097
1 0.496694 0.740304 0.653132 0.020091 0.954097
1 0.497005 0.784853 0.653409 0.020091 0.954097
1 0.501058 0.829291 0.655885 0.019868 0.954097
1 0.501319 0.875112 0.658638 0.019013 0.954097
1 0.498557 0.915444 0.657233 0.020964 0.954097
1 0.503015 0.961257 0.654987 0.020091 0.954097
1 0.494549 0.013780 0.655885 0.021838 0.954097
1 0.495992 0.057168 0.653639 0.017767 0.954097
1 0.495238 0.102984 0.652910 0.016461 0.954097
1 0.497354 0.149383 0.657143 0.018519 0.954097
1 0.495238 0.187551 0.652910 0.016461 0.954097
