1 0.497884 0.076132 0.656085 0.018519 0.000671
1 0.496825 0.112140 0.649735 0.016461 0.000671
1 0.497354 0.158436 0.652910 0.018519 0.000671
1 0.494709 0.199588 0.653968 0.018519 0.000671
1 0.499471 0.244856 0.652910 0.018519 0.000671
1 0.497884 0.286008 0.649735 0.018519 0.000671
1 0.496825 0.324074 0.649735 0.020576 0.000671
1 0.501587 0.374486 0.652910 0.018519 0.000671
1 0.498942 0.413580 0.651852 0.018519 0.000671
1 0.500529 0.460905 0.650794 0.018519 0.000671
1 0.499471 0.500000 0.652910 0.018519 0.000671
1 0.500000 0.550412 0.649735 0.024691 0.000671
1 0.495767 0.593621 0.651852 0.024691 0.000671
1 0.500000 0.636831 0.651852 0.020576 0.000671
1 0.498413 0.676955 0.646561 0.018519 0.000671
1 0.494709 0.720165 0.656085 0.014403 0.000671
1 0.492063 0.762346 0.652910 0.020576 0.000671
1 0.499471 0.806584 0.652910 0.018519 0.000671
1 0.496825 0.845679 0.653968 0.018519 0.000671
1 0.503704 0.891975 0.655026 0.016461 0.000671
1 0.500529 0.933128 0.650794 0.020576 0.000671
1 0.497884 0.028807 0.653968 0.026749 0.000671
0 0.493651 0.984568 0.649735 0.020576 0.000671
