0 0.499898 0.015124 0.658466 0.019533 0.000076
1 0.500122 0.055357 0.656334 0.022275 0.000076
1 0.499730 0.096087 0.655206 0.018985 0.000076
1 0.501957 0.144028 0.656783 0.020528 0.000076
1 0.501368 0.183824 0.656105 0.020425 0.000076
1 0.500122 0.225503 0.655436 0.020091 0.000076
1 0.501687 0.263986 0.654308 0.018344 0.000076
1 0.500290 0.312650 0.657682 0.020091 0.000076
1 0.501021 0.356200 0.656220 0.017470 0.000076
1 0.497614 0.398222 0.655436 0.019217 0.000076
1 0.501340 0.440048 0.655436 0.020091 0.000076
1 0.503529 0.482986 0.658131 0.020964 0.000076
1 0.503399 0.527511 0.655436 0.020091 0.000076
1 0.499007 0.566254 0.653639 0.020648 0.000076
1 0.502790 0.614853 0.655436 0.020964 0.000076
1 0.500927 0.653884 0.653132 0.020091 0.000076
1 0.499121 0.698433 0.653409 0.020091 0.000076
1 0.500000 0.744929 0.655885 0.019868 0.000076
1 0.501319 0.790750 0.658638 0.019013 0.000076
1 0.501732 0.829024 0.657233 0.020964 0.000076
1 0.503015 0.872574 0.654987 0.020091 0.000076
1 0.498782 0.914192 0.655885 0.021838 0.000076
1 0.501283 0.962826 0.653639 0.017767 0.000076
0 0.504233 0.993827 0.656085 0.010288 0.000076
