1 0.502115 0.265839 0.656783 0.020528 0.799754
1 0.500309 0.305223 0.656105 0.020425 0.799754
1 0.504355 0.357191 0.655436 0.020091 0.799754
1 0.502745 0.391558 0.654308 0.018344 0.799754
1 0.503464 0.440222 0.657682 0.020091 0.799754
1 0.502079 0.479657 0.656220 0.017470 0.799754
1 0.503963 0.525794 0.655436 0.019217 0.799754
1 0.502398 0.565563 0.655436 0.020091 0.799754
1 0.501413 0.616731 0.658131 0.020964 0.799754
1 0.506574 0.659198 0.655436 0.020091 0.799754
1 0.506414 0.695884 0.653639 0.020648 0.799754
1 0.501732 0.740368 0.655436 0.020964 0.799754
1 0.499869 0.779399 0.653132 0.020091 0.799754
1 0.498063 0.823948 0.653409 0.020091 0.799754
1 0.501058 0.866328 0.655885 0.019868 0.799754
1 0.504494 0.910091 0.658638 0.019013 0.799754
1 0.500674 0.958654 0.657233 0.020964 0.799754
0 0.500898 0.989960 0.654987 0.020091 0.799754
1 0.499840 0.052875 0.655885 0.021838 0.799754
1 0.499166 0.094205 0.653639 0.017767 0.799754
1 0.498413 0.137963 0.652910 0.016461 0.799754
1 0.500529 0.182305 0.657143 0.018519 0.799754
1 0.499471 0.220473 0.652910 0.016461 0.799754
1 0.497354 0.013374 0.652910 0.020576 0.799754
