1 0.502116 0.049383 0.656085 0.018519 0.740546
1 0.496825 0.093621 0.649735 0.016461 0.740546
1 0.503704 0.133745 0.652910 0.018519 0.740546
1 0.502116 0.176955 0.653968 0.018519 0.740546
1 0.500529 0.220165 0.652910 0.018519 0.740546
1 0.501058 0.267490 0.649735 0.018519 0.740546
1 0.501058 0.307613 0.649735 0.020576 0.740546
1 0.502646 0.347737 0.652910 0.018519 0.740546
1 0.503175 0.393004 0.651852 0.018519 0.740546
1 0.497354 0.434156 0.650794 0.018519 0.740546
1 0.501587 0.478395 0.659259 0.020576 0.740546
1 0.497354 0.519547 0.644444 0.020576 0.740546
1 0.497884 0.562757 0.647619 0.020576 0.740546
1 0.502116 0.605967 0.651852 0.020576 0.740546
1 0.502646 0.653292 0.659259 0.020576 0.740546
1 0.500000 0.695473 0.649735 0.018519 0.740546
1 0.500529 0.735597 0.652910 0.020576 0.740546
1 0.499471 0.779835 0.652910 0.018519 0.740546
1 0.502116 0.820988 0.653968 0.018519 0.740546
1 0.499471 0.865226 0.655026 0.016461 0.740546
1 0.497354 0.908436 0.650794 0.020576 0.740546
1 0.499471 0.012346 0.648677 0.018519 0.740546
1 0.497884 0.953498 0.649735 0.020576 0.740546
0 0.500000 0.988683 0.653968 0.020576 0.740546
