1 0.502115 0.309049 0.656783 0.020528 0.821708
1 0.500309 0.348433 0.656105 0.020425 0.821708
1 0.502239 0.392170 0.655436 0.020091 0.821708
1 0.501687 0.436825 0.654308 0.018344 0.821708
1 0.502406 0.479317 0.657682 0.020091 0.821708
1 0.499963 0.524924 0.656220 0.017470 0.821708
1 0.503963 0.566946 0.655436 0.019217 0.821708
1 0.502398 0.608772 0.655436 0.020091 0.821708
1 0.503529 0.651710 0.658131 0.020964 0.821708
1 0.498108 0.692120 0.655436 0.020091 0.821708
1 0.499007 0.734978 0.653639 0.020648 0.821708
1 0.500674 0.785635 0.655436 0.020964 0.821708
1 0.501985 0.828781 0.653132 0.020091 0.821708
1 0.501238 0.867158 0.653409 0.020091 0.821708
1 0.502116 0.913653 0.655885 0.019868 0.821708
1 0.504494 0.949186 0.658638 0.019013 0.821708
1 0.499840 0.045002 0.654987 0.020091 0.821708
1 0.500898 0.089912 0.655885 0.021838 0.821708
1 0.497050 0.135357 0.653639 0.017767 0.821708
1 0.499471 0.181173 0.652910 0.016461 0.821708
1 0.503704 0.221399 0.657143 0.018519 0.821708
1 0.502646 0.265741 0.652910 0.016461 0.821708
1 0.503704 0.992078 0.657143 0.016461 0.821708
0 0.500529 0.014403 0.652910 0.026749 0.821708
