1 0.498941 0.239090 0.656783 0.020528 0.958088
1 0.499251 0.284647 0.656105 0.020425 0.958088
1 0.498006 0.324269 0.655436 0.020091 0.958088
1 0.497454 0.368924 0.654308 0.018344 0.958088
1 0.498173 0.409358 0.657682 0.020091 0.958088
1 0.498904 0.452908 0.656220 0.017470 0.958088
1 0.497614 0.496987 0.655436 0.019217 0.958088
1 0.498166 0.538814 0.655436 0.020091 0.958088
1 0.499296 0.583809 0.658131 0.020964 0.958088
1 0.501283 0.626277 0.655436 0.020091 0.958088
1 0.497948 0.671192 0.653639 0.020648 0.958088
1 0.498557 0.709504 0.655436 0.020964 0.958088
1 0.496694 0.758823 0.653132 0.020091 0.958088
1 0.497005 0.799257 0.653409 0.020091 0.958088
1 0.501058 0.837521 0.655885 0.019868 0.958088
1 0.501319 0.885400 0.658638 0.019013 0.958088
1 0.498557 0.923674 0.657233 0.020964 0.958088
1 0.500898 0.963314 0.654987 0.020091 0.958088
1 0.494549 0.028183 0.655885 0.021838 0.958088
1 0.491759 0.071571 0.653639 0.017767 0.958088
1 0.495238 0.113272 0.652910 0.016461 0.958088
1 0.497354 0.155556 0.657143 0.018519 0.958088
1 0.495238 0.191667 0.652910 0.016461 0.958088
