1 0.498942 0.104938 0.656085 0.018519 0.002806
1 0.495767 0.145062 0.649735 0.016461 0.002806
1 0.493122 0.189300 0.652910 0.018519 0.002806
1 0.496825 0.234568 0.653968 0.018519 0.002806
1 0.498413 0.273663 0.652910 0.018519 0.002806
1 0.497884 0.314815 0.649735 0.018519 0.002806
1 0.495767 0.359053 0.649735 0.020576 0.002806
1 0.496296 0.401235 0.652910 0.018519 0.002806
1 0.497884 0.442387 0.651852 0.018519 0.002806
1 0.496296 0.489712 0.650794 0.018519 0.002806
1 0.496296 0.526749 0.652910 0.018519 0.002806
1 0.495767 0.577160 0.649735 0.024691 0.002806
1 0.494709 0.618313 0.651852 0.024691 0.002806
1 0.497884 0.661523 0.651852 0.020576 0.002806
1 0.495238 0.699588 0.646561 0.018519 0.002806
1 0.497884 0.746914 0.656085 0.014403 0.002806
1 0.496296 0.789095 0.652910 0.020576 0.002806
1 0.497354 0.833333 0.652910 0.018519 0.002806
1 0.494709 0.876543 0.653968 0.018519 0.002806
1 0.497354 0.920782 0.655026 0.016461 0.002806
1 0.498413 0.957819 0.650794 0.020576 0.002806
1 0.495767 0.063786 0.653968 0.026749 0.002806
0 0.493651 0.014815 0.649735 0.020576 0.002806
