1 0.499999 0.309049 0.656783 0.020528 0.862955
1 0.500309 0.352548 0.656105 0.020425 0.862955
1 0.500122 0.398343 0.655436 0.020091 0.862955
1 0.499571 0.440941 0.654308 0.018344 0.862955
1 0.500290 0.483432 0.657682 0.020091 0.862955
1 0.499963 0.531097 0.656220 0.017470 0.862955
1 0.499730 0.569004 0.655436 0.019217 0.862955
1 0.499224 0.612888 0.655436 0.020091 0.862955
1 0.501413 0.655825 0.658131 0.020964 0.862955
1 0.500225 0.704466 0.655436 0.020091 0.862955
1 0.497948 0.743209 0.653639 0.020648 0.862955
1 0.499616 0.785635 0.655436 0.020964 0.862955
1 0.497753 0.830839 0.653132 0.020091 0.862955
1 0.501238 0.871273 0.653409 0.020091 0.862955
1 0.502116 0.917768 0.655885 0.019868 0.862955
1 0.502377 0.955359 0.658638 0.019013 0.862955
0 0.501732 0.990238 0.657233 0.020964 0.862955
1 0.500898 0.057347 0.654987 0.020091 0.862955
1 0.499840 0.096085 0.655885 0.021838 0.862955
1 0.498108 0.139472 0.653639 0.017767 0.862955
1 0.499471 0.185288 0.652910 0.016461 0.862955
1 0.501587 0.227572 0.657143 0.018519 0.862955
1 0.500529 0.269856 0.652910 0.016461 0.862955
1 0.500529 0.012346 0.655026 0.018519 0.862955
