1 0.499999 0.259666 0.656783 0.020528 0.987360
1 0.501368 0.303166 0.656105 0.020425 0.987360
1 0.500122 0.346903 0.655436 0.020091 0.987360
1 0.499571 0.387443 0.654308 0.018344 0.987360
1 0.499231 0.429934 0.657682 0.020091 0.987360
1 0.501021 0.475542 0.656220 0.017470 0.987360
1 0.497614 0.517563 0.655436 0.019217 0.987360
1 0.496049 0.559390 0.655436 0.020091 0.987360
1 0.501413 0.604385 0.658131 0.020964 0.987360
1 0.498108 0.646853 0.655436 0.020091 0.987360
1 0.497948 0.689711 0.653639 0.020648 0.987360
1 0.498557 0.730080 0.655436 0.020964 0.987360
1 0.497753 0.773226 0.653132 0.020091 0.987360
1 0.498063 0.819833 0.653409 0.020091 0.987360
1 0.498942 0.860155 0.655885 0.019868 0.987360
1 0.500261 0.901861 0.658638 0.019013 0.987360
1 0.499616 0.948366 0.657233 0.020964 0.987360
1 0.499840 0.990269 0.654987 0.020091 0.987360
1 0.499840 0.044644 0.655885 0.021838 0.987360
1 0.494934 0.088032 0.653639 0.017767 0.987360
1 0.496296 0.131790 0.652910 0.016461 0.987360
1 0.499471 0.174074 0.657143 0.018519 0.987360
1 0.495238 0.214300 0.652910 0.016461 0.987360
