1 0.499999 0.251435 0.656783 0.020528 0.647408
1 0.498193 0.299050 0.656105 0.020425 0.647408
1 0.500122 0.342787 0.655436 0.020091 0.647408
1 0.499571 0.383328 0.654308 0.018344 0.647408
1 0.500290 0.427877 0.657682 0.020091 0.647408
1 0.497846 0.469369 0.656220 0.017470 0.647408
1 0.497614 0.513448 0.655436 0.019217 0.647408
1 0.498166 0.555275 0.655436 0.020091 0.647408
1 0.501413 0.602327 0.658131 0.020964 0.647408
1 0.500225 0.644795 0.655436 0.020091 0.647408
1 0.497948 0.695884 0.653639 0.020648 0.647408
1 0.498557 0.732137 0.655436 0.020964 0.647408
1 0.495636 0.775283 0.653132 0.020091 0.647408
1 0.499121 0.817775 0.653409 0.020091 0.647408
1 0.497884 0.860155 0.655885 0.019868 0.647408
1 0.500261 0.899803 0.658638 0.019013 0.647408
1 0.499616 0.946308 0.657233 0.020964 0.647408
0 0.499840 0.985948 0.654987 0.020091 0.647408
1 0.500898 0.036414 0.655885 0.021838 0.647408
1 0.500225 0.081859 0.653639 0.017767 0.647408
1 0.499471 0.127675 0.652910 0.016461 0.647408
1 0.500529 0.169959 0.657143 0.018519 0.647408
1 0.499471 0.214300 0.652910 0.016461 0.647408
