1 0.498942 0.096708 0.656085 0.018519 0.002825
1 0.495767 0.140947 0.649735 0.016461 0.002825
1 0.494180 0.181070 0.652910 0.018519 0.002825
1 0.496825 0.222222 0.653968 0.018519 0.002825
1 0.498413 0.263374 0.652910 0.018519 0.002825
1 0.497884 0.304527 0.649735 0.018519 0.002825
1 0.496825 0.350823 0.649735 0.020576 0.002825
1 0.497354 0.390947 0.652910 0.018519 0.002825
1 0.497884 0.436214 0.651852 0.018519 0.002825
1 0.496296 0.483539 0.650794 0.018519 0.002825
1 0.496296 0.520576 0.652910 0.018519 0.002825
1 0.496825 0.564815 0.649735 0.024691 0.002825
1 0.495767 0.605967 0.651852 0.024691 0.002825
1 0.496825 0.649177 0.651852 0.020576 0.002825
1 0.496296 0.693416 0.646561 0.018519 0.002825
1 0.497884 0.738683 0.656085 0.014403 0.002825
1 0.496296 0.782922 0.652910 0.020576 0.002825
1 0.497354 0.827160 0.652910 0.018519 0.002825
1 0.496825 0.868313 0.653968 0.018519 0.002825
1 0.497354 0.914609 0.655026 0.016461 0.002825
1 0.495238 0.959877 0.650794 0.020576 0.002825
1 0.495767 0.051440 0.653968 0.026749 0.002825
0 0.496825 0.009362 0.649735 0.020576 0.002825
