1 0.498942 0.104938 0.656085 0.018519 0.778466
1 0.496825 0.149177 0.649735 0.016461 0.778466
1 0.495238 0.191358 0.652910 0.018519 0.778466
1 0.494709 0.236626 0.653968 0.018519 0.778466
1 0.498413 0.279835 0.652910 0.018519 0.778466
1 0.494709 0.314815 0.649735 0.018519 0.778466
1 0.495767 0.361111 0.649735 0.020576 0.778466
1 0.496296 0.407407 0.652910 0.018519 0.778466
1 0.496825 0.446502 0.651852 0.018519 0.778466
1 0.497354 0.489712 0.650794 0.018519 0.778466
1 0.496296 0.534979 0.652910 0.018519 0.778466
1 0.493651 0.577160 0.649735 0.024691 0.778466
1 0.500000 0.618313 0.651852 0.024691 0.778466
1 0.498942 0.665638 0.651852 0.020576 0.778466
1 0.496296 0.705761 0.646561 0.018519 0.778466
1 0.500000 0.746914 0.656085 0.014403 0.778466
1 0.495238 0.793210 0.652910 0.020576 0.778466
1 0.500529 0.835391 0.652910 0.018519 0.778466
1 0.498942 0.872428 0.653968 0.018519 0.778466
1 0.501587 0.916667 0.655026 0.016461 0.778466
1 0.498413 0.965021 0.655026 0.022634 0.778466
1 0.500529 0.064815 0.657143 0.016461 0.778466
1 0.496825 0.021399 0.649735 0.020576 0.778466
