1 0.496824 0.226744 0.656783 0.020528 0.636764
1 0.497135 0.276417 0.656105 0.020425 0.636764
1 0.498006 0.313981 0.655436 0.020091 0.636764
1 0.501687 0.356579 0.654308 0.018344 0.636764
1 0.500290 0.401128 0.657682 0.020091 0.636764
1 0.496788 0.444677 0.656220 0.017470 0.636764
1 0.496556 0.488757 0.655436 0.019217 0.636764
1 0.498166 0.528526 0.655436 0.020091 0.636764
1 0.500354 0.577636 0.658131 0.020964 0.636764
1 0.498108 0.615989 0.655436 0.020091 0.636764
1 0.497948 0.660904 0.653639 0.020648 0.636764
1 0.498557 0.705388 0.655436 0.020964 0.636764
1 0.497753 0.750592 0.653132 0.020091 0.636764
1 0.495947 0.791026 0.653409 0.020091 0.636764
1 0.497884 0.835464 0.655885 0.019868 0.636764
1 0.502377 0.873054 0.658638 0.019013 0.636764
1 0.499616 0.927789 0.657233 0.020964 0.636764
1 0.497724 0.965372 0.654987 0.020091 0.636764
0 0.497724 0.015838 0.655885 0.021838 0.636764
1 0.491759 0.059225 0.653639 0.017767 0.636764
1 0.494180 0.098868 0.652910 0.016461 0.636764
1 0.498413 0.141152 0.657143 0.018519 0.636764
1 0.495238 0.185494 0.652910 0.016461 0.636764
