1 0.498942 0.088477 0.656085 0.018519 0.002843
1 0.495767 0.130658 0.649735 0.016461 0.002843
1 0.494180 0.172840 0.652910 0.018519 0.002843
1 0.495767 0.209877 0.653968 0.018519 0.002843
1 0.497354 0.261317 0.652910 0.018519 0.002843
1 0.497884 0.300412 0.649735 0.018519 0.002843
1 0.496825 0.344650 0.649735 0.020576 0.002843
1 0.497354 0.388889 0.652910 0.018519 0.002843
1 0.496825 0.434156 0.651852 0.018519 0.002843
1 0.497354 0.469136 0.650794 0.018519 0.002843
1 0.497354 0.510288 0.652910 0.018519 0.002843
1 0.496825 0.554527 0.649735 0.024691 0.002843
1 0.495767 0.595679 0.651852 0.024691 0.002843
1 0.496825 0.643004 0.651852 0.020576 0.002843
1 0.496296 0.689300 0.646561 0.018519 0.002843
1 0.497884 0.730453 0.656085 0.014403 0.002843
1 0.497354 0.770576 0.652910 0.020576 0.002843
1 0.497354 0.814815 0.652910 0.018519 0.002843
1 0.496825 0.855967 0.653968 0.018519 0.002843
1 0.497354 0.898148 0.655026 0.016461 0.002843
1 0.495238 0.951646 0.650794 0.020576 0.002843
1 0.495767 0.045267 0.653968 0.026749 0.002843
0 0.495767 0.990535 0.649735 0.020576 0.002843
