1 0.499251 0.054194 0.656105 0.020425 0.000562
1 0.503297 0.093816 0.655436 0.020091 0.000562
1 0.500629 0.144644 0.654308 0.018344 0.000562
1 0.501348 0.180963 0.657682 0.020091 0.000562
1 0.503137 0.222455 0.656220 0.017470 0.000562
1 0.503963 0.266534 0.655436 0.019217 0.000562
1 0.502398 0.308361 0.655436 0.020091 0.000562
1 0.503529 0.353356 0.658131 0.020964 0.000562
1 0.501283 0.395824 0.655436 0.020091 0.000562
1 0.501123 0.438682 0.653639 0.020648 0.000562
1 0.499616 0.483166 0.655436 0.020964 0.000562
1 0.498811 0.528370 0.653132 0.020091 0.000562
1 0.499121 0.572919 0.653409 0.020091 0.000562
1 0.501058 0.613242 0.655885 0.019868 0.000562
1 0.497086 0.654947 0.658638 0.019013 0.000562
1 0.501732 0.699394 0.657233 0.020964 0.000562
1 0.497724 0.742944 0.654987 0.020091 0.000562
1 0.503015 0.786620 0.655885 0.021838 0.000562
1 0.500225 0.826715 0.653639 0.017767 0.000562
1 0.499471 0.869342 0.652910 0.016461 0.000562
1 0.503175 0.919342 0.656085 0.015226 0.000562
1 0.502646 0.959877 0.657143 0.024691 0.000562
0 0.500000 0.016461 0.656085 0.018519 0.000562
