1 0.497884 0.096708 0.656085 0.018519 0.002546
1 0.495767 0.134774 0.649735 0.016461 0.002546
1 0.494180 0.176955 0.652910 0.018519 0.002546
1 0.495767 0.222222 0.653968 0.018519 0.002546
1 0.497354 0.265432 0.652910 0.018519 0.002546
1 0.497884 0.310700 0.649735 0.018519 0.002546
1 0.496825 0.352881 0.649735 0.020576 0.002546
1 0.497354 0.395062 0.652910 0.018519 0.002546
1 0.496825 0.440329 0.651852 0.018519 0.002546
1 0.498413 0.485597 0.650794 0.018519 0.002546
1 0.497354 0.524691 0.652910 0.018519 0.002546
1 0.496825 0.568930 0.649735 0.024691 0.002546
1 0.495767 0.612140 0.651852 0.024691 0.002546
1 0.496825 0.653292 0.651852 0.020576 0.002546
1 0.496296 0.699588 0.646561 0.018519 0.002546
1 0.497884 0.738683 0.656085 0.014403 0.002546
1 0.497354 0.782922 0.652910 0.020576 0.002546
1 0.497354 0.825103 0.652910 0.018519 0.002546
1 0.497884 0.874486 0.653968 0.018519 0.002546
1 0.500529 0.912551 0.655026 0.016461 0.002546
1 0.495238 0.955761 0.650794 0.020576 0.002546
1 0.497884 0.047325 0.653968 0.026749 0.002546
0 0.495767 0.990535 0.649735 0.020576 0.002546
