1 0.499999 0.237032 0.656783 0.020528 0.994678
1 0.501368 0.280532 0.656105 0.020425 0.994678
1 0.500122 0.322211 0.655436 0.020091 0.994678
1 0.498512 0.366867 0.654308 0.018344 0.994678
1 0.504522 0.405243 0.657682 0.020091 0.994678
1 0.503137 0.446735 0.656220 0.017470 0.994678
1 0.499730 0.496987 0.655436 0.019217 0.994678
1 0.499224 0.534698 0.655436 0.020091 0.994678
1 0.503529 0.583809 0.658131 0.020964 0.994678
1 0.498108 0.626277 0.655436 0.020091 0.994678
1 0.497948 0.669135 0.653639 0.020648 0.994678
1 0.499616 0.711561 0.655436 0.020964 0.994678
1 0.497753 0.752650 0.653132 0.020091 0.994678
1 0.500180 0.797199 0.653409 0.020091 0.994678
1 0.501058 0.837521 0.655885 0.019868 0.994678
1 0.503435 0.879227 0.658638 0.019013 0.994678
1 0.502790 0.921617 0.657233 0.020964 0.994678
1 0.500898 0.967944 0.654987 0.020091 0.994678
1 0.500898 0.022011 0.655885 0.021838 0.994678
1 0.501283 0.063341 0.653639 0.017767 0.994678
1 0.496296 0.109156 0.652910 0.016461 0.994678
1 0.498413 0.145267 0.657143 0.018519 0.994678
1 0.499471 0.189609 0.652910 0.016461 0.994678
