1 0.501057 0.216456 0.656783 0.020528 0.706617
1 0.500309 0.259956 0.656105 0.020425 0.706617
1 0.498006 0.295462 0.655436 0.020091 0.706617
1 0.500629 0.342175 0.654308 0.018344 0.706617
1 0.500290 0.386725 0.657682 0.020091 0.706617
1 0.501021 0.430274 0.656220 0.017470 0.706617
1 0.502905 0.472296 0.655436 0.019217 0.706617
1 0.503457 0.516180 0.655436 0.020091 0.706617
1 0.501413 0.557060 0.658131 0.020964 0.706617
1 0.500225 0.601585 0.655436 0.020091 0.706617
1 0.500065 0.640328 0.653639 0.020648 0.706617
1 0.499616 0.688927 0.655436 0.020964 0.706617
1 0.501985 0.730016 0.653132 0.020091 0.706617
1 0.501238 0.772508 0.653409 0.020091 0.706617
1 0.502116 0.814888 0.655885 0.019868 0.706617
1 0.503435 0.860709 0.658638 0.019013 0.706617
1 0.502790 0.905156 0.657233 0.020964 0.706617
1 0.501957 0.947471 0.654987 0.020091 0.706617
1 0.498108 0.044822 0.653639 0.017767 0.706617
1 0.499471 0.088580 0.652910 0.016461 0.706617
1 0.503704 0.128807 0.657143 0.018519 0.706617
1 0.502646 0.166975 0.652910 0.016461 0.706617
1 0.502116 0.988889 0.651852 0.022634 0.706617
