1 0.498942 0.072016 0.656085 0.018519 0.000709
1 0.496825 0.126543 0.649735 0.016461 0.000709
1 0.498413 0.164609 0.652910 0.018519 0.000709
1 0.494709 0.205761 0.653968 0.018519 0.000709
1 0.498413 0.246914 0.652910 0.018519 0.000709
1 0.497884 0.286008 0.649735 0.018519 0.000709
1 0.494709 0.330247 0.649735 0.020576 0.000709
1 0.500529 0.376543 0.652910 0.018519 0.000709
1 0.498942 0.421811 0.651852 0.018519 0.000709
1 0.500529 0.469136 0.650794 0.018519 0.000709
1 0.500529 0.514403 0.652910 0.018519 0.000709
1 0.500000 0.554527 0.649735 0.024691 0.000709
1 0.496825 0.597737 0.651852 0.024691 0.000709
1 0.497884 0.640947 0.651852 0.020576 0.000709
1 0.494180 0.681070 0.646561 0.018519 0.000709
1 0.496825 0.728395 0.656085 0.014403 0.000709
1 0.494180 0.766461 0.652910 0.020576 0.000709
1 0.500529 0.810700 0.652910 0.018519 0.000709
1 0.501058 0.855967 0.653968 0.018519 0.000709
1 0.500529 0.898148 0.655026 0.016461 0.000709
1 0.501587 0.941358 0.650794 0.020576 0.000709
1 0.496825 0.032922 0.653968 0.026749 0.000709
1 0.502116 0.986626 0.649735 0.020576 0.000709
