1 0.498942 0.115226 0.656085 0.018519 0.002796
1 0.495767 0.159465 0.649735 0.016461 0.002796
1 0.493122 0.201646 0.652910 0.018519 0.002796
1 0.496825 0.242798 0.653968 0.018519 0.002796
1 0.498413 0.283951 0.652910 0.018519 0.002796
1 0.496825 0.323045 0.649735 0.018519 0.002796
1 0.495767 0.369342 0.649735 0.020576 0.002796
1 0.496296 0.413580 0.652910 0.018519 0.002796
1 0.497884 0.454733 0.651852 0.018519 0.002796
1 0.496296 0.500000 0.650794 0.018519 0.002796
1 0.496296 0.541152 0.652910 0.018519 0.002796
1 0.495767 0.585391 0.649735 0.024691 0.002796
1 0.494709 0.626543 0.651852 0.024691 0.002796
1 0.497884 0.671811 0.651852 0.020576 0.002796
1 0.496296 0.711934 0.646561 0.018519 0.002796
1 0.498942 0.764403 0.656085 0.024691 0.002796
1 0.497354 0.799383 0.652910 0.020576 0.002796
1 0.498413 0.845679 0.652910 0.018519 0.002796
1 0.495767 0.886831 0.653968 0.018519 0.002796
1 0.501587 0.931070 0.655026 0.016461 0.002796
1 0.497354 0.974280 0.650794 0.020576 0.002796
1 0.495767 0.067901 0.653968 0.026749 0.002796
1 0.493651 0.029218 0.649735 0.020576 0.002796
