1 0.498942 0.065844 0.656085 0.018519 0.000718
1 0.496825 0.101852 0.649735 0.016461 0.000718
1 0.498413 0.152263 0.652910 0.018519 0.000718
1 0.496825 0.193416 0.653968 0.018519 0.000718
1 0.498413 0.246914 0.652910 0.018519 0.000718
1 0.497884 0.277778 0.649735 0.018519 0.000718
1 0.494709 0.330247 0.649735 0.020576 0.000718
1 0.500529 0.364198 0.652910 0.018519 0.000718
1 0.498942 0.415638 0.651852 0.018519 0.000718
1 0.500529 0.456790 0.650794 0.018519 0.000718
1 0.500529 0.497942 0.652910 0.018519 0.000718
1 0.498942 0.548354 0.649735 0.024691 0.000718
1 0.496825 0.585391 0.651852 0.024691 0.000718
1 0.502116 0.628601 0.651852 0.020576 0.000718
1 0.494180 0.668724 0.646561 0.018519 0.000718
1 0.496825 0.709877 0.656085 0.014403 0.000718
1 0.494180 0.760288 0.652910 0.020576 0.000718
1 0.500529 0.802469 0.652910 0.018519 0.000718
1 0.501058 0.847737 0.653968 0.018519 0.000718
1 0.500529 0.889918 0.655026 0.016461 0.000718
1 0.500529 0.929012 0.650794 0.020576 0.000718
1 0.498942 0.026749 0.653968 0.026749 0.000718
1 0.502116 0.974280 0.649735 0.020576 0.000718
