1 0.492593 0.156379 0.656085 0.018519 0.003250
1 0.490476 0.200617 0.649735 0.016461 0.003250
1 0.494180 0.251029 0.652910 0.018519 0.003250
1 0.491534 0.290123 0.653968 0.018519 0.003250
1 0.495238 0.335391 0.652910 0.018519 0.003250
1 0.492593 0.376543 0.649735 0.018519 0.003250
1 0.494709 0.418724 0.649735 0.020576 0.003250
1 0.495238 0.458848 0.652910 0.018519 0.003250
1 0.500000 0.504115 0.651852 0.018519 0.003250
1 0.500529 0.549383 0.650794 0.018519 0.003250
1 0.500529 0.592593 0.652910 0.018519 0.003250
1 0.497884 0.632716 0.649735 0.024691 0.003250
1 0.504233 0.675926 0.651852 0.024691 0.003250
1 0.498942 0.723251 0.651852 0.020576 0.003250
1 0.498413 0.802469 0.646561 0.018519 0.003250
1 0.501058 0.764403 0.656085 0.024691 0.003250
1 0.499471 0.848765 0.652910 0.020576 0.003250
1 0.500529 0.899177 0.652910 0.018519 0.003250
1 0.503175 0.938272 0.653968 0.018519 0.003250
1 0.499471 0.982510 0.655026 0.016461 0.003250
1 0.491005 0.030041 0.650794 0.020576 0.003250
1 0.494709 0.119342 0.653968 0.026749 0.003250
1 0.494709 0.076543 0.649735 0.020576 0.003250
