1 0.502115 0.272012 0.656783 0.020528 0.822374
1 0.500309 0.317569 0.656105 0.020425 0.822374
1 0.502239 0.361306 0.655436 0.020091 0.822374
1 0.501687 0.403904 0.654308 0.018344 0.822374
1 0.502406 0.446395 0.657682 0.020091 0.822374
1 0.498904 0.489945 0.656220 0.017470 0.822374
1 0.503963 0.529909 0.655436 0.019217 0.822374
1 0.502398 0.575851 0.655436 0.020091 0.822374
1 0.503529 0.622904 0.658131 0.020964 0.822374
1 0.504457 0.657141 0.655436 0.020091 0.822374
1 0.500065 0.704114 0.653639 0.020648 0.822374
1 0.500674 0.744483 0.655436 0.020964 0.822374
1 0.501985 0.791744 0.653132 0.020091 0.822374
1 0.500180 0.832178 0.653409 0.020091 0.822374
1 0.503175 0.878674 0.655885 0.019868 0.822374
1 0.502377 0.922437 0.658638 0.019013 0.822374
1 0.498782 0.020310 0.654987 0.020091 0.822374
1 0.500898 0.061105 0.655885 0.021838 0.822374
1 0.497050 0.104493 0.653639 0.017767 0.822374
1 0.500529 0.148251 0.652910 0.016461 0.822374
1 0.503704 0.192593 0.657143 0.018519 0.822374
1 0.500529 0.234877 0.652910 0.016461 0.822374
1 0.500529 0.968107 0.657143 0.016461 0.822374
