1 0.502116 0.072016 0.656085 0.018519 0.745203
1 0.497884 0.114198 0.649735 0.016461 0.745203
1 0.503704 0.158436 0.652910 0.018519 0.745203
1 0.503175 0.201646 0.653968 0.018519 0.745203
1 0.500529 0.238683 0.652910 0.018519 0.745203
1 0.498942 0.283951 0.649735 0.018519 0.745203
1 0.501058 0.328189 0.649735 0.020576 0.745203
1 0.501587 0.366255 0.652910 0.018519 0.745203
1 0.503175 0.415638 0.651852 0.018519 0.745203
1 0.501587 0.452675 0.650794 0.018519 0.745203
1 0.504762 0.500000 0.652910 0.018519 0.745203
1 0.498942 0.542181 0.649735 0.024691 0.745203
1 0.497884 0.585391 0.647619 0.020576 0.745203
1 0.498942 0.626543 0.651852 0.020576 0.745203
1 0.498413 0.665638 0.655026 0.012346 0.745203
1 0.498942 0.713992 0.656085 0.014403 0.745203
1 0.501587 0.756173 0.652910 0.020576 0.745203
1 0.500529 0.798354 0.652910 0.018519 0.745203
1 0.500000 0.841564 0.653968 0.018519 0.745203
1 0.499471 0.883745 0.655026 0.016461 0.745203
1 0.503704 0.926955 0.650794 0.020576 0.745203
1 0.499471 0.028807 0.648677 0.018519 0.745203
1 0.498942 0.974074 0.649735 0.020576 0.745203
