1 0.496824 0.249378 0.656783 0.020528 0.634768
1 0.497135 0.294935 0.656105 0.020425 0.634768
1 0.498006 0.336614 0.655436 0.020091 0.634768
1 0.501687 0.377155 0.654308 0.018344 0.634768
1 0.500290 0.421704 0.657682 0.020091 0.634768
1 0.496788 0.469369 0.656220 0.017470 0.634768
1 0.494439 0.511390 0.655436 0.019217 0.634768
1 0.496049 0.551159 0.655436 0.020091 0.634768
1 0.500354 0.594097 0.658131 0.020964 0.634768
1 0.498108 0.640680 0.655436 0.020091 0.634768
1 0.495832 0.683538 0.653639 0.020648 0.634768
1 0.496441 0.721849 0.655436 0.020964 0.634768
1 0.497753 0.764995 0.653132 0.020091 0.634768
1 0.495947 0.809545 0.653409 0.020091 0.634768
1 0.497884 0.853982 0.655885 0.019868 0.634768
1 0.502377 0.893630 0.658638 0.019013 0.634768
1 0.499616 0.938077 0.657233 0.020964 0.634768
1 0.497724 0.981833 0.654987 0.020091 0.634768
1 0.493491 0.038472 0.655885 0.021838 0.634768
1 0.492817 0.079801 0.653639 0.017767 0.634768
1 0.495238 0.125617 0.652910 0.016461 0.634768
1 0.498413 0.169959 0.657143 0.018519 0.634768
1 0.494180 0.212243 0.652910 0.016461 0.634768
