1 0.492593 0.146091 0.656085 0.018519 0.003155
1 0.495767 0.188272 0.649735 0.016461 0.003155
1 0.494180 0.232510 0.652910 0.018519 0.003155
1 0.496825 0.271605 0.653968 0.018519 0.003155
1 0.496296 0.320988 0.652910 0.018519 0.003155
1 0.493651 0.362140 0.649735 0.018519 0.003155
1 0.495767 0.408436 0.649735 0.020576 0.003155
1 0.496296 0.448560 0.652910 0.018519 0.003155
1 0.500000 0.491770 0.651852 0.018519 0.003155
1 0.501587 0.534979 0.650794 0.018519 0.003155
1 0.500529 0.574074 0.652910 0.018519 0.003155
1 0.500000 0.616255 0.649735 0.024691 0.003155
1 0.505291 0.657407 0.651852 0.024691 0.003155
1 0.498942 0.704733 0.651852 0.020576 0.003155
1 0.499471 0.788066 0.646561 0.018519 0.003155
1 0.501058 0.747942 0.656085 0.024691 0.003155
1 0.500529 0.828189 0.652910 0.020576 0.003155
1 0.500529 0.870370 0.652910 0.018519 0.003155
1 0.504233 0.919753 0.653968 0.018519 0.003155
1 0.502646 0.961420 0.655026 0.016461 0.003155
1 0.491005 0.019753 0.650794 0.020576 0.003155
1 0.494709 0.102881 0.653968 0.026749 0.003155
1 0.494709 0.064198 0.649735 0.020576 0.003155
