1 0.498942 0.113169 0.656085 0.018519 0.787114
1 0.495767 0.159465 0.649735 0.016461 0.787114
1 0.493122 0.205761 0.652910 0.018519 0.787114
1 0.493651 0.244856 0.653968 0.018519 0.787114
1 0.498413 0.288066 0.652910 0.018519 0.787114
1 0.494709 0.331276 0.649735 0.018519 0.787114
1 0.495767 0.375514 0.649735 0.020576 0.787114
1 0.494180 0.415638 0.652910 0.018519 0.787114
1 0.496825 0.462963 0.651852 0.018519 0.787114
1 0.494180 0.504115 0.650794 0.018519 0.787114
1 0.497354 0.549383 0.652910 0.018519 0.787114
1 0.493651 0.589506 0.649735 0.024691 0.787114
1 0.498942 0.634774 0.651852 0.024691 0.787114
1 0.497884 0.673868 0.651852 0.020576 0.787114
1 0.496296 0.720165 0.646561 0.018519 0.787114
1 0.501058 0.761317 0.656085 0.014403 0.787114
1 0.496296 0.803498 0.652910 0.020576 0.787114
1 0.497354 0.847737 0.652910 0.018519 0.787114
1 0.497884 0.893004 0.653968 0.018519 0.787114
1 0.502646 0.935185 0.655026 0.016461 0.787114
1 0.498413 0.981481 0.655026 0.022634 0.787114
1 0.500529 0.077160 0.657143 0.016461 0.787114
1 0.497884 0.033745 0.649735 0.020576 0.787114
