1 0.497884 0.125514 0.656085 0.018519 0.002754
1 0.493651 0.169753 0.649735 0.016461 0.002754
1 0.493122 0.209877 0.652910 0.018519 0.002754
1 0.498942 0.255144 0.653968 0.018519 0.002754
1 0.499471 0.296296 0.652910 0.018519 0.002754
1 0.494709 0.341564 0.649735 0.018519 0.002754
1 0.496825 0.387860 0.649735 0.020576 0.002754
1 0.496296 0.423868 0.652910 0.018519 0.002754
1 0.498942 0.471193 0.651852 0.018519 0.002754
1 0.495238 0.512346 0.650794 0.018519 0.002754
1 0.496296 0.553498 0.652910 0.018519 0.002754
1 0.496825 0.599794 0.649735 0.024691 0.002754
1 0.497884 0.643004 0.651852 0.024691 0.002754
1 0.500000 0.686214 0.651852 0.020576 0.002754
1 0.495238 0.726337 0.646561 0.018519 0.002754
1 0.498942 0.770576 0.656085 0.024691 0.002754
1 0.501587 0.813786 0.652910 0.020576 0.002754
1 0.499471 0.855967 0.652910 0.018519 0.002754
1 0.500000 0.901235 0.653968 0.018519 0.002754
1 0.501587 0.943416 0.655026 0.016461 0.002754
1 0.496296 0.988683 0.650794 0.020576 0.002754
1 0.495767 0.084362 0.653968 0.026749 0.002754
1 0.491534 0.041564 0.649735 0.020576 0.002754
