1 0.503174 0.317279 0.656783 0.020528 0.857633
1 0.500309 0.356664 0.656105 0.020425 0.857633
1 0.498006 0.404516 0.655436 0.020091 0.857633
1 0.501687 0.442998 0.654308 0.018344 0.857633
1 0.501348 0.491663 0.657682 0.020091 0.857633
1 0.501021 0.531097 0.656220 0.017470 0.857633
1 0.500789 0.575176 0.655436 0.019217 0.857633
1 0.499224 0.612888 0.655436 0.020091 0.857633
1 0.502471 0.664056 0.658131 0.020964 0.857633
1 0.501283 0.706524 0.655436 0.020091 0.857633
1 0.501123 0.747324 0.653639 0.020648 0.857633
1 0.503848 0.791808 0.655436 0.020964 0.857633
1 0.497753 0.837012 0.653132 0.020091 0.857633
1 0.501238 0.879503 0.653409 0.020091 0.857633
1 0.503175 0.917768 0.655885 0.019868 0.857633
1 0.502377 0.963589 0.658638 0.019013 0.857633
1 0.500898 0.053232 0.654987 0.020091 0.857633
1 0.499840 0.102258 0.655885 0.021838 0.857633
1 0.497050 0.141530 0.653639 0.017767 0.857633
1 0.499471 0.189403 0.652910 0.016461 0.857633
1 0.503704 0.229630 0.657143 0.018519 0.857633
1 0.500529 0.271914 0.652910 0.016461 0.857633
1 0.501587 0.012346 0.655026 0.018519 0.857633
