1 0.499999 0.199995 0.656783 0.020528 0.664040
1 0.500309 0.243495 0.656105 0.020425 0.664040
1 0.501180 0.289289 0.655436 0.020091 0.664040
1 0.502745 0.329830 0.654308 0.018344 0.664040
1 0.500290 0.372321 0.657682 0.020091 0.664040
1 0.499963 0.411756 0.656220 0.017470 0.664040
1 0.498672 0.453777 0.655436 0.019217 0.664040
1 0.499224 0.499719 0.655436 0.020091 0.664040
1 0.501413 0.540599 0.658131 0.020964 0.664040
1 0.500225 0.587182 0.655436 0.020091 0.664040
1 0.499007 0.627982 0.653639 0.020648 0.664040
1 0.499616 0.676582 0.655436 0.020964 0.664040
1 0.497753 0.713555 0.653132 0.020091 0.664040
1 0.500180 0.760162 0.653409 0.020091 0.664040
1 0.497884 0.798427 0.655885 0.019868 0.664040
1 0.498144 0.842190 0.658638 0.019013 0.664040
1 0.498557 0.886637 0.657233 0.020964 0.664040
1 0.500898 0.928335 0.654987 0.020091 0.664040
1 0.499840 0.974686 0.655885 0.021838 0.664040
1 0.499166 0.036592 0.653639 0.017767 0.664040
1 0.499471 0.078292 0.652910 0.016461 0.664040
1 0.500529 0.114403 0.657143 0.018519 0.664040
1 0.500529 0.158745 0.652910 0.016461 0.664040
