1 0.502115 0.280242 0.656783 0.020528 0.823039
1 0.500309 0.325799 0.656105 0.020425 0.823039
1 0.502239 0.365421 0.655436 0.020091 0.823039
1 0.501687 0.408019 0.654308 0.018344 0.823039
1 0.502406 0.452568 0.657682 0.020091 0.823039
1 0.498904 0.494060 0.656220 0.017470 0.823039
1 0.503963 0.540197 0.655436 0.019217 0.823039
1 0.502398 0.584081 0.655436 0.020091 0.823039
1 0.503529 0.622904 0.658131 0.020964 0.823039
1 0.503399 0.669486 0.655436 0.020091 0.823039
1 0.500065 0.710287 0.653639 0.020648 0.823039
1 0.500674 0.754771 0.655436 0.020964 0.823039
1 0.501985 0.797917 0.653132 0.020091 0.823039
1 0.500180 0.840409 0.653409 0.020091 0.823039
1 0.503175 0.882789 0.655885 0.019868 0.823039
1 0.502377 0.926552 0.658638 0.019013 0.823039
1 0.498782 0.020310 0.654987 0.020091 0.823039
1 0.500898 0.061105 0.655885 0.021838 0.823039
1 0.497050 0.104493 0.653639 0.017767 0.823039
1 0.500529 0.148251 0.652910 0.016461 0.823039
1 0.503704 0.192593 0.657143 0.018519 0.823039
1 0.500529 0.234877 0.652910 0.016461 0.823039
1 0.500529 0.968107 0.657143 0.016461 0.823039
