1 0.501057 0.286415 0.656783 0.020528 0.814390
1 0.500309 0.327857 0.656105 0.020425 0.814390
1 0.502239 0.369536 0.655436 0.020091 0.814390
1 0.503803 0.416249 0.654308 0.018344 0.814390
1 0.503464 0.456683 0.657682 0.020091 0.814390
1 0.497846 0.498175 0.656220 0.017470 0.814390
1 0.500789 0.542255 0.655436 0.019217 0.814390
1 0.500282 0.588196 0.655436 0.020091 0.814390
1 0.502471 0.633192 0.658131 0.020964 0.814390
1 0.500225 0.673602 0.655436 0.020091 0.814390
1 0.499007 0.718517 0.653639 0.020648 0.814390
1 0.500674 0.758886 0.655436 0.020964 0.814390
1 0.501985 0.802032 0.653132 0.020091 0.814390
1 0.500180 0.842466 0.653409 0.020091 0.814390
1 0.501058 0.888962 0.655885 0.019868 0.814390
1 0.506610 0.932725 0.658638 0.019013 0.814390
1 0.499840 0.028541 0.654987 0.020091 0.814390
1 0.501957 0.073451 0.655885 0.021838 0.814390
1 0.497050 0.114781 0.653639 0.017767 0.814390
1 0.499471 0.158539 0.652910 0.016461 0.814390
1 0.501587 0.198765 0.657143 0.018519 0.814390
1 0.502646 0.243107 0.652910 0.016461 0.814390
1 0.502646 0.973560 0.657143 0.016461 0.814390
