1 0.499999 0.241147 0.656783 0.020528 0.908193
1 0.501368 0.278474 0.656105 0.020425 0.908193
1 0.501180 0.322211 0.655436 0.020091 0.908193
1 0.497454 0.364809 0.654308 0.018344 0.908193
1 0.498173 0.411416 0.657682 0.020091 0.908193
1 0.498904 0.450850 0.656220 0.017470 0.908193
1 0.498672 0.499045 0.655436 0.019217 0.908193
1 0.497107 0.536756 0.655436 0.020091 0.908193
1 0.497180 0.581751 0.658131 0.020964 0.908193
1 0.494934 0.624219 0.655436 0.020091 0.908193
1 0.500065 0.669135 0.653639 0.020648 0.908193
1 0.496441 0.709504 0.655436 0.020964 0.908193
1 0.498811 0.752650 0.653132 0.020091 0.908193
1 0.499121 0.795141 0.653409 0.020091 0.908193
1 0.500000 0.837521 0.655885 0.019868 0.908193
1 0.501319 0.883342 0.658638 0.019013 0.908193
1 0.499616 0.925732 0.657233 0.020964 0.908193
1 0.499840 0.973602 0.654987 0.020091 0.908193
1 0.500898 0.022011 0.655885 0.021838 0.908193
1 0.502341 0.065398 0.653639 0.017767 0.908193
1 0.496296 0.111214 0.652910 0.016461 0.908193
1 0.500529 0.153498 0.657143 0.018519 0.908193
1 0.499471 0.195782 0.652910 0.016461 0.908193
