1 0.499251 0.068598 0.656105 0.020425 0.000520
1 0.500122 0.102047 0.655436 0.020091 0.000520
1 0.500629 0.150817 0.654308 0.018344 0.000520
1 0.501348 0.191251 0.657682 0.020091 0.000520
1 0.503137 0.238916 0.656220 0.017470 0.000520
1 0.503963 0.278880 0.655436 0.019217 0.000520
1 0.502398 0.324822 0.655436 0.020091 0.000520
1 0.504587 0.369817 0.658131 0.020964 0.000520
1 0.502341 0.410227 0.655436 0.020091 0.000520
1 0.499007 0.459258 0.653639 0.020648 0.000520
1 0.499616 0.495512 0.655436 0.020964 0.000520
1 0.496694 0.544831 0.653132 0.020091 0.000520
1 0.500180 0.587322 0.653409 0.020091 0.000520
1 0.498942 0.629703 0.655885 0.019868 0.000520
1 0.498144 0.667293 0.658638 0.019013 0.000520
1 0.500674 0.705567 0.657233 0.020964 0.000520
1 0.496666 0.751174 0.654987 0.020091 0.000520
1 0.500898 0.798965 0.655885 0.021838 0.000520
1 0.499166 0.839061 0.653639 0.017767 0.000520
1 0.500529 0.885802 0.652910 0.016461 0.000520
1 0.504233 0.929630 0.656085 0.015226 0.000520
1 0.502646 0.972222 0.657143 0.024691 0.000520
1 0.500000 0.020576 0.656085 0.018519 0.000520
