1 0.502115 0.309049 0.656783 0.020528 0.829026
1 0.500309 0.354606 0.656105 0.020425 0.829026
1 0.502239 0.398343 0.655436 0.020091 0.829026
1 0.501687 0.436825 0.654308 0.018344 0.829026
1 0.503464 0.481375 0.657682 0.020091 0.829026
1 0.502079 0.526982 0.656220 0.017470 0.829026
1 0.500789 0.571061 0.655436 0.019217 0.829026
1 0.499224 0.608772 0.655436 0.020091 0.829026
1 0.501413 0.655825 0.658131 0.020964 0.829026
1 0.504457 0.696235 0.655436 0.020091 0.829026
1 0.500065 0.739093 0.653639 0.020648 0.829026
1 0.500674 0.785635 0.655436 0.020964 0.829026
1 0.500927 0.826724 0.653132 0.020091 0.829026
1 0.503354 0.873331 0.653409 0.020091 0.829026
1 0.505291 0.913653 0.655885 0.019868 0.829026
1 0.505552 0.955359 0.658638 0.019013 0.829026
1 0.501957 0.053232 0.654987 0.020091 0.829026
1 0.504073 0.100200 0.655885 0.021838 0.829026
1 0.499166 0.141530 0.653639 0.017767 0.829026
1 0.498413 0.181173 0.652910 0.016461 0.829026
1 0.502646 0.225514 0.657143 0.018519 0.829026
1 0.500529 0.269856 0.652910 0.016461 0.829026
1 0.499471 0.007973 0.659259 0.017593 0.829026
