1 0.501057 0.127979 0.656783 0.020528 0.001474
1 0.500309 0.165306 0.656105 0.020425 0.001474
1 0.500122 0.211100 0.655436 0.020091 0.001474
1 0.500629 0.249583 0.654308 0.018344 0.001474
1 0.503464 0.294132 0.657682 0.020091 0.001474
1 0.505254 0.337681 0.656220 0.017470 0.001474
1 0.500789 0.381761 0.655436 0.019217 0.001474
1 0.503457 0.423587 0.655436 0.020091 0.001474
1 0.503529 0.468583 0.658131 0.020964 0.001474
1 0.501283 0.511050 0.655436 0.020091 0.001474
1 0.499007 0.549793 0.653639 0.020648 0.001474
1 0.499616 0.592220 0.655436 0.020964 0.001474
1 0.498811 0.635366 0.653132 0.020091 0.001474
1 0.500180 0.679915 0.653409 0.020091 0.001474
1 0.502116 0.726410 0.655885 0.019868 0.001474
1 0.501319 0.768116 0.658638 0.019013 0.001474
1 0.498557 0.808448 0.657233 0.020964 0.001474
1 0.501957 0.856113 0.654987 0.020091 0.001474
1 0.499840 0.899788 0.655885 0.021838 0.001474
1 0.498108 0.937826 0.653639 0.017767 0.001474
1 0.499471 0.982510 0.652910 0.016461 0.001474
1 0.498413 0.032099 0.657143 0.018519 0.001474
1 0.498413 0.080556 0.652910 0.016461 0.001474
