1 0.503174 0.218514 0.656783 0.020528 0.978711
1 0.502426 0.266129 0.656105 0.020425 0.978711
1 0.502239 0.311923 0.655436 0.020091 0.978711
1 0.499571 0.352463 0.654308 0.018344 0.978711
1 0.501348 0.394955 0.657682 0.020091 0.978711
1 0.499963 0.438505 0.656220 0.017470 0.978711
1 0.503963 0.478469 0.655436 0.019217 0.978711
1 0.498166 0.520295 0.655436 0.020091 0.978711
1 0.502471 0.565290 0.658131 0.020964 0.978711
1 0.501283 0.607758 0.655436 0.020091 0.978711
1 0.497948 0.648558 0.653639 0.020648 0.978711
1 0.499616 0.695100 0.655436 0.020964 0.978711
1 0.498811 0.736189 0.653132 0.020091 0.978711
1 0.500180 0.774565 0.653409 0.020091 0.978711
1 0.502116 0.819003 0.655885 0.019868 0.978711
1 0.501319 0.864824 0.658638 0.019013 0.978711
1 0.497499 0.905156 0.657233 0.020964 0.978711
1 0.497724 0.955290 0.654987 0.020091 0.978711
1 0.498782 0.010591 0.655885 0.021838 0.978711
1 0.495992 0.053052 0.653639 0.017767 0.978711
1 0.495238 0.092695 0.652910 0.016461 0.978711
1 0.501587 0.132922 0.657143 0.018519 0.978711
1 0.498413 0.173148 0.652910 0.016461 0.978711
0 0.496825 0.988683 0.651852 0.020576 0.978711
