1 0.497884 0.102881 0.656085 0.018519 0.002711
1 0.493651 0.147119 0.649735 0.016461 0.002711
1 0.491005 0.187243 0.652910 0.018519 0.002711
1 0.497884 0.228395 0.653968 0.018519 0.002711
1 0.495238 0.271605 0.652910 0.018519 0.002711
1 0.493651 0.314815 0.649735 0.018519 0.002711
1 0.493651 0.359053 0.649735 0.020576 0.002711
1 0.496296 0.403292 0.652910 0.018519 0.002711
1 0.498942 0.446502 0.651852 0.018519 0.002711
1 0.495238 0.489712 0.650794 0.018519 0.002711
1 0.496296 0.530864 0.652910 0.018519 0.002711
1 0.497884 0.573045 0.649735 0.024691 0.002711
1 0.497884 0.618313 0.651852 0.024691 0.002711
1 0.500000 0.661523 0.651852 0.020576 0.002711
1 0.495238 0.705761 0.646561 0.018519 0.002711
1 0.498942 0.745885 0.656085 0.024691 0.002711
1 0.498413 0.789095 0.652910 0.020576 0.002711
1 0.499471 0.835391 0.652910 0.018519 0.002711
1 0.501058 0.874486 0.653968 0.018519 0.002711
1 0.500529 0.918724 0.655026 0.016461 0.002711
1 0.498413 0.963992 0.650794 0.020576 0.002711
1 0.495767 0.057613 0.653968 0.026749 0.002711
1 0.491534 0.012757 0.649735 0.020576 0.002711
