1 0.502115 0.237032 0.656783 0.020528 1.000000
1 0.501368 0.276417 0.656105 0.020425 1.000000
1 0.498006 0.318096 0.655436 0.020091 1.000000
1 0.498512 0.362751 0.654308 0.018344 1.000000
1 0.497115 0.409358 0.657682 0.020091 1.000000
1 0.499963 0.450850 0.656220 0.017470 1.000000
1 0.497614 0.494929 0.655436 0.019217 1.000000
1 0.498166 0.532641 0.655436 0.020091 1.000000
1 0.496122 0.577636 0.658131 0.020964 1.000000
1 0.495992 0.620104 0.655436 0.020091 1.000000
1 0.496890 0.665019 0.653639 0.020648 1.000000
1 0.498557 0.709504 0.655436 0.020964 1.000000
1 0.497753 0.748534 0.653132 0.020091 1.000000
1 0.499121 0.793084 0.653409 0.020091 1.000000
1 0.498942 0.837521 0.655885 0.019868 1.000000
1 0.501319 0.879227 0.658638 0.019013 1.000000
1 0.499616 0.923674 0.657233 0.020964 1.000000
1 0.501957 0.969487 0.654987 0.020091 1.000000
1 0.500898 0.022011 0.655885 0.021838 1.000000
1 0.502341 0.063341 0.653639 0.017767 1.000000
1 0.496296 0.109156 0.652910 0.016461 1.000000
1 0.498413 0.147325 0.657143 0.018519 1.000000
1 0.498413 0.193724 0.652910 0.016461 1.000000
