1 0.499840 0.049378 0.656783 0.020528 0.001030
1 0.501368 0.087116 0.656105 0.020425 0.001030
1 0.498006 0.126738 0.655436 0.020091 0.001030
1 0.497454 0.173451 0.654308 0.018344 0.001030
1 0.501348 0.211827 0.657682 0.020091 0.001030
1 0.503137 0.257435 0.656220 0.017470 0.001030
1 0.498672 0.303571 0.655436 0.019217 0.001030
1 0.501340 0.347456 0.655436 0.020091 0.001030
1 0.502471 0.390393 0.658131 0.020964 0.001030
1 0.500225 0.432861 0.655436 0.020091 0.001030
1 0.502181 0.473661 0.653639 0.020648 0.001030
1 0.498557 0.518146 0.655436 0.020964 0.001030
1 0.498811 0.561292 0.653132 0.020091 0.001030
1 0.498063 0.603783 0.653409 0.020091 0.001030
1 0.497884 0.648221 0.655885 0.019868 0.001030
1 0.498144 0.687869 0.658638 0.019013 0.001030
1 0.500674 0.734374 0.657233 0.020964 0.001030
1 0.499840 0.779981 0.654987 0.020091 0.001030
1 0.499840 0.825714 0.655885 0.021838 0.001030
1 0.497050 0.863752 0.653639 0.017767 0.001030
1 0.498413 0.906379 0.652910 0.016461 0.001030
1 0.500529 0.947737 0.657143 0.018519 0.001030
0 0.501587 0.988683 0.652910 0.016461 0.001030
