1 0.500000 0.055556 0.656085 0.018519 0.000897
1 0.498942 0.099794 0.649735 0.016461 0.000897
1 0.497354 0.144033 0.652910 0.018519 0.000897
1 0.496825 0.187243 0.653968 0.018519 0.000897
1 0.497354 0.226337 0.652910 0.018519 0.000897
1 0.495767 0.271605 0.649735 0.018519 0.000897
1 0.493651 0.311728 0.649735 0.020576 0.000897
1 0.493122 0.358025 0.652910 0.018519 0.000897
1 0.492593 0.401235 0.651852 0.018519 0.000897
1 0.496296 0.444444 0.650794 0.018519 0.000897
1 0.497354 0.481481 0.652910 0.018519 0.000897
1 0.496825 0.531893 0.649735 0.024691 0.000897
1 0.496825 0.573045 0.651852 0.024691 0.000897
1 0.495767 0.610082 0.651852 0.020576 0.000897
1 0.497884 0.660494 0.658201 0.018519 0.000897
1 0.495767 0.699588 0.656085 0.014403 0.000897
1 0.497354 0.743827 0.652910 0.020576 0.000897
1 0.496296 0.788066 0.652910 0.018519 0.000897
1 0.500000 0.831276 0.653968 0.018519 0.000897
1 0.501587 0.871399 0.655026 0.016461 0.000897
1 0.500529 0.922840 0.650794 0.020576 0.000897
1 0.498836 0.960905 0.657143 0.026749 0.000897
1 0.489947 0.017490 0.635979 0.020576 0.000897
