1 0.501057 0.208226 0.656783 0.020528 0.708613
1 0.500309 0.247610 0.656105 0.020425 0.708613
1 0.499064 0.293405 0.655436 0.020091 0.708613
1 0.502745 0.333945 0.654308 0.018344 0.708613
1 0.500290 0.378494 0.657682 0.020091 0.708613
1 0.501021 0.419986 0.656220 0.017470 0.708613
1 0.502905 0.464065 0.655436 0.019217 0.708613
1 0.503457 0.505892 0.655436 0.020091 0.708613
1 0.502471 0.546772 0.658131 0.020964 0.708613
1 0.499166 0.591297 0.655436 0.020091 0.708613
1 0.499007 0.634155 0.653639 0.020648 0.708613
1 0.499616 0.680697 0.655436 0.020964 0.708613
1 0.501985 0.721785 0.653132 0.020091 0.708613
1 0.501238 0.768392 0.653409 0.020091 0.708613
1 0.502116 0.810772 0.655885 0.019868 0.708613
1 0.499203 0.852478 0.658638 0.019013 0.708613
1 0.502790 0.892810 0.657233 0.020964 0.708613
1 0.501957 0.939240 0.654987 0.020091 0.708613
1 0.498108 0.036592 0.653639 0.017767 0.708613
1 0.499471 0.078292 0.652910 0.016461 0.708613
1 0.503704 0.120576 0.657143 0.018519 0.708613
1 0.501587 0.166975 0.652910 0.016461 0.708613
1 0.502116 0.982716 0.651852 0.022634 0.708613
