1 0.498942 0.072016 0.656085 0.018519 0.764495
1 0.498942 0.116255 0.649735 0.016461 0.764495
1 0.498413 0.158436 0.652910 0.018519 0.764495
1 0.498942 0.199588 0.653968 0.018519 0.764495
1 0.498413 0.240741 0.652910 0.018519 0.764495
1 0.498942 0.279835 0.649735 0.018519 0.764495
1 0.497884 0.330247 0.649735 0.020576 0.764495
1 0.500529 0.372428 0.652910 0.018519 0.764495
1 0.498942 0.417695 0.651852 0.018519 0.764495
1 0.494180 0.456790 0.650794 0.018519 0.764495
1 0.497354 0.502058 0.652910 0.018519 0.764495
1 0.498942 0.546296 0.649735 0.024691 0.764495
1 0.496825 0.585391 0.651852 0.024691 0.764495
1 0.495767 0.630658 0.651852 0.020576 0.764495
1 0.498413 0.668724 0.646561 0.018519 0.764495
1 0.498942 0.713992 0.656085 0.014403 0.764495
1 0.498413 0.758230 0.652910 0.020576 0.764495
1 0.499471 0.800412 0.652910 0.018519 0.764495
1 0.498942 0.839506 0.653968 0.018519 0.764495
1 0.501587 0.885802 0.655026 0.016461 0.764495
1 0.500529 0.920782 0.650794 0.020576 0.764495
1 0.495767 0.028807 0.653968 0.026749 0.764495
1 0.500000 0.972016 0.649735 0.020576 0.764495
