0 0.499840 0.016456 0.656783 0.020528 0.000463
1 0.502426 0.045964 0.656105 0.020425 0.000463
1 0.498006 0.089701 0.655436 0.020091 0.000463
1 0.499571 0.134356 0.654308 0.018344 0.000463
1 0.499231 0.174790 0.657682 0.020091 0.000463
1 0.499963 0.218340 0.656220 0.017470 0.000463
1 0.501847 0.264477 0.655436 0.019217 0.000463
1 0.502398 0.304246 0.655436 0.020091 0.000463
1 0.502471 0.351299 0.658131 0.020964 0.000463
1 0.501283 0.391709 0.655436 0.020091 0.000463
1 0.495832 0.430451 0.653639 0.020648 0.000463
1 0.498557 0.470820 0.655436 0.020964 0.000463
1 0.497753 0.520139 0.653132 0.020091 0.000463
1 0.498063 0.564689 0.653409 0.020091 0.000463
1 0.498942 0.615299 0.655885 0.019868 0.000463
1 0.498144 0.654947 0.658638 0.019013 0.000463
1 0.497499 0.691164 0.657233 0.020964 0.000463
1 0.496666 0.738829 0.654987 0.020091 0.000463
1 0.495607 0.786620 0.655885 0.021838 0.000463
1 0.495992 0.822600 0.653639 0.017767 0.000463
1 0.499471 0.867284 0.652910 0.016461 0.000463
1 0.501058 0.904938 0.656085 0.015226 0.000463
1 0.494709 0.951698 0.643386 0.020679 0.000463
0 0.500529 0.990741 0.648677 0.012346 0.000463
