1 0.498942 0.094650 0.656085 0.018519 0.774474
1 0.495767 0.138889 0.649735 0.016461 0.774474
1 0.495238 0.179012 0.652910 0.018519 0.774474
1 0.492593 0.216049 0.653968 0.018519 0.774474
1 0.498413 0.263374 0.652910 0.018519 0.774474
1 0.498942 0.304527 0.649735 0.018519 0.774474
1 0.495767 0.350823 0.649735 0.020576 0.774474
1 0.496296 0.390947 0.652910 0.018519 0.774474
1 0.496825 0.438272 0.651852 0.018519 0.774474
1 0.497354 0.483539 0.650794 0.018519 0.774474
1 0.496296 0.524691 0.652910 0.018519 0.774474
1 0.495767 0.570988 0.649735 0.024691 0.774474
1 0.500000 0.614198 0.651852 0.024691 0.774474
1 0.498942 0.657407 0.651852 0.020576 0.774474
1 0.499471 0.697531 0.646561 0.018519 0.774474
1 0.501058 0.740741 0.656085 0.014403 0.774474
1 0.495238 0.784979 0.652910 0.020576 0.774474
1 0.498413 0.825103 0.652910 0.018519 0.774474
1 0.502116 0.868313 0.653968 0.018519 0.774474
1 0.501587 0.910494 0.655026 0.016461 0.774474
1 0.498413 0.954733 0.655026 0.022634 0.774474
1 0.500529 0.054527 0.657143 0.016461 0.774474
1 0.495767 0.011111 0.649735 0.020576 0.774474
