1 0.497884 0.096708 0.656085 0.018519 0.002773
1 0.495767 0.143004 0.649735 0.016461 0.002773
1 0.493122 0.189300 0.652910 0.018519 0.002773
1 0.496825 0.232510 0.653968 0.018519 0.002773
1 0.498413 0.271605 0.652910 0.018519 0.002773
1 0.494709 0.314815 0.649735 0.018519 0.002773
1 0.496825 0.352881 0.649735 0.020576 0.002773
1 0.496296 0.399177 0.652910 0.018519 0.002773
1 0.497884 0.442387 0.651852 0.018519 0.002773
1 0.496296 0.487654 0.650794 0.018519 0.002773
1 0.496296 0.526749 0.652910 0.018519 0.002773
1 0.496825 0.577160 0.649735 0.024691 0.002773
1 0.495767 0.620370 0.651852 0.024691 0.002773
1 0.500000 0.661523 0.651852 0.020576 0.002773
1 0.495238 0.705761 0.646561 0.018519 0.002773
1 0.498942 0.752058 0.656085 0.024691 0.002773
1 0.500529 0.795267 0.652910 0.020576 0.002773
1 0.499471 0.835391 0.652910 0.018519 0.002773
1 0.498942 0.882716 0.653968 0.018519 0.002773
1 0.501587 0.922840 0.655026 0.016461 0.002773
1 0.496296 0.963992 0.650794 0.020576 0.002773
1 0.495767 0.059671 0.653968 0.026749 0.002773
1 0.493651 0.027160 0.649735 0.020576 0.002773
