1 0.502116 0.082305 0.656085 0.018519 0.747198
1 0.497884 0.122428 0.649735 0.016461 0.747198
1 0.503704 0.166667 0.652910 0.018519 0.747198
1 0.504233 0.211934 0.653968 0.018519 0.747198
1 0.500529 0.251029 0.652910 0.018519 0.747198
1 0.498942 0.296296 0.649735 0.018519 0.747198
1 0.501058 0.338477 0.649735 0.020576 0.747198
1 0.502646 0.380658 0.652910 0.018519 0.747198
1 0.504233 0.423868 0.651852 0.018519 0.747198
1 0.498413 0.469136 0.650794 0.018519 0.747198
1 0.504762 0.512346 0.652910 0.018519 0.747198
1 0.498942 0.554527 0.649735 0.024691 0.747198
1 0.497884 0.595679 0.647619 0.020576 0.747198
1 0.500000 0.638889 0.651852 0.020576 0.747198
1 0.498413 0.680041 0.655026 0.012346 0.747198
1 0.498942 0.726337 0.656085 0.014403 0.747198
1 0.501587 0.766461 0.652910 0.020576 0.747198
1 0.500529 0.812757 0.652910 0.018519 0.747198
1 0.500000 0.858025 0.653968 0.018519 0.747198
1 0.499471 0.896091 0.655026 0.016461 0.747198
1 0.499471 0.943416 0.650794 0.020576 0.747198
1 0.499471 0.037037 0.648677 0.018519 0.747198
1 0.500000 0.986420 0.649735 0.020576 0.747198
