1 0.499999 0.247320 0.656783 0.020528 0.907528
1 0.501368 0.288762 0.656105 0.020425 0.907528
1 0.501180 0.332499 0.655436 0.020091 0.907528
1 0.497454 0.375097 0.654308 0.018344 0.907528
1 0.498173 0.419646 0.657682 0.020091 0.907528
1 0.498904 0.457023 0.656220 0.017470 0.907528
1 0.498672 0.505218 0.655436 0.019217 0.907528
1 0.497107 0.544986 0.655436 0.020091 0.907528
1 0.497180 0.589982 0.658131 0.020964 0.907528
1 0.494934 0.630392 0.655436 0.020091 0.907528
1 0.500065 0.673250 0.653639 0.020648 0.907528
1 0.496441 0.721849 0.655436 0.020964 0.907528
1 0.498811 0.760880 0.653132 0.020091 0.907528
1 0.499121 0.803372 0.653409 0.020091 0.907528
1 0.500000 0.847810 0.655885 0.019868 0.907528
1 0.501319 0.891573 0.658638 0.019013 0.907528
1 0.499616 0.931905 0.657233 0.020964 0.907528
1 0.499840 0.977718 0.654987 0.020091 0.907528
1 0.500898 0.028183 0.655885 0.021838 0.907528
1 0.499166 0.071571 0.653639 0.017767 0.907528
1 0.496296 0.119444 0.652910 0.016461 0.907528
1 0.500529 0.161728 0.657143 0.018519 0.907528
1 0.499471 0.206070 0.652910 0.016461 0.907528
