1 0.499898 0.021297 0.658466 0.019533 0.000061
1 0.500122 0.055357 0.656334 0.022275 0.000061
1 0.499730 0.096087 0.655206 0.018985 0.000061
1 0.501957 0.144028 0.656783 0.020528 0.000061
1 0.501368 0.183824 0.656105 0.020425 0.000061
1 0.500122 0.225503 0.655436 0.020091 0.000061
1 0.500629 0.274274 0.654308 0.018344 0.000061
1 0.500290 0.312650 0.657682 0.020091 0.000061
1 0.501021 0.362373 0.656220 0.017470 0.000061
1 0.498672 0.400279 0.655436 0.019217 0.000061
1 0.501340 0.440048 0.655436 0.020091 0.000061
1 0.502471 0.489159 0.658131 0.020964 0.000061
1 0.503399 0.531626 0.655436 0.020091 0.000061
1 0.499007 0.574484 0.653639 0.020648 0.000061
1 0.502790 0.616911 0.655436 0.020964 0.000061
1 0.500927 0.660057 0.653132 0.020091 0.000061
1 0.499121 0.704606 0.653409 0.020091 0.000061
1 0.500000 0.744929 0.655885 0.019868 0.000061
1 0.501319 0.790750 0.658638 0.019013 0.000061
1 0.501732 0.835197 0.657233 0.020964 0.000061
1 0.503015 0.878746 0.654987 0.020091 0.000061
1 0.498782 0.922422 0.655885 0.021838 0.000061
1 0.501283 0.964884 0.653639 0.017767 0.000061
