1 0.498942 0.088477 0.656085 0.018519 0.002862
1 0.495767 0.132716 0.649735 0.016461 0.002862
1 0.494180 0.176955 0.652910 0.018519 0.002862
1 0.495767 0.218107 0.653968 0.018519 0.002862
1 0.497354 0.267490 0.652910 0.018519 0.002862
1 0.497884 0.306584 0.649735 0.018519 0.002862
1 0.496825 0.352881 0.649735 0.020576 0.002862
1 0.497354 0.397119 0.652910 0.018519 0.002862
1 0.496825 0.434156 0.651852 0.018519 0.002862
1 0.497354 0.477366 0.650794 0.018519 0.002862
1 0.496296 0.526749 0.652910 0.018519 0.002862
1 0.496825 0.568930 0.649735 0.024691 0.002862
1 0.495767 0.612140 0.651852 0.024691 0.002862
1 0.496825 0.651235 0.651852 0.020576 0.002862
1 0.496296 0.693416 0.646561 0.018519 0.002862
1 0.497884 0.736626 0.656085 0.014403 0.002862
1 0.493122 0.778807 0.652910 0.020576 0.002862
1 0.497354 0.825103 0.652910 0.018519 0.002862
1 0.497884 0.870370 0.653968 0.018519 0.002862
1 0.497354 0.908436 0.655026 0.016461 0.002862
1 0.495238 0.951646 0.650794 0.020576 0.002862
1 0.495767 0.045267 0.653968 0.026749 0.002862
0 0.495767 0.990535 0.649735 0.020576 0.002862
