1 0.501057 0.152670 0.656783 0.020528 0.001341
1 0.501368 0.194112 0.656105 0.020425 0.001341
1 0.502239 0.233734 0.655436 0.020091 0.001341
1 0.501687 0.280447 0.654308 0.018344 0.001341
1 0.501348 0.320881 0.657682 0.020091 0.001341
1 0.497846 0.366488 0.656220 0.017470 0.001341
1 0.501847 0.408510 0.655436 0.019217 0.001341
1 0.502398 0.448279 0.655436 0.020091 0.001341
1 0.501413 0.495332 0.658131 0.020964 0.001341
1 0.501283 0.535742 0.655436 0.020091 0.001341
1 0.500065 0.580657 0.653639 0.020648 0.001341
1 0.498557 0.627199 0.655436 0.020964 0.001341
1 0.498811 0.666230 0.653132 0.020091 0.001341
1 0.500180 0.710779 0.653409 0.020091 0.001341
1 0.503175 0.753159 0.655885 0.019868 0.001341
1 0.502377 0.796923 0.658638 0.019013 0.001341
1 0.499616 0.843427 0.657233 0.020964 0.001341
1 0.498782 0.882862 0.654987 0.020091 0.001341
1 0.497724 0.930653 0.655885 0.021838 0.001341
1 0.499166 0.968690 0.653639 0.017767 0.001341
1 0.496296 0.024794 0.652910 0.016461 0.001341
1 0.499471 0.071193 0.657143 0.018519 0.001341
1 0.497354 0.111420 0.652910 0.016461 0.001341
