1 0.502115 0.074481 0.656783 0.020528 0.001578
1 0.501368 0.117980 0.656105 0.020425 0.001578
1 0.501180 0.157602 0.655436 0.020091 0.001578
1 0.503803 0.200200 0.654308 0.018344 0.001578
1 0.504522 0.246807 0.657682 0.020091 0.001578
1 0.502079 0.288299 0.656220 0.017470 0.001578
1 0.501847 0.336493 0.655436 0.019217 0.001578
1 0.502398 0.376262 0.655436 0.020091 0.001578
1 0.504587 0.415085 0.658131 0.020964 0.001578
1 0.503399 0.459610 0.655436 0.020091 0.001578
1 0.497948 0.500410 0.653639 0.020648 0.001578
1 0.500674 0.544895 0.655436 0.020964 0.001578
1 0.498811 0.596271 0.653132 0.020091 0.001578
1 0.505471 0.638763 0.653409 0.020091 0.001578
1 0.501058 0.681143 0.655885 0.019868 0.001578
1 0.501319 0.720791 0.658638 0.019013 0.001578
1 0.499616 0.761123 0.657233 0.020964 0.001578
1 0.501957 0.804672 0.654987 0.020091 0.001578
1 0.503015 0.852463 0.655885 0.021838 0.001578
1 0.500225 0.890501 0.653639 0.017767 0.001578
1 0.498413 0.939300 0.652910 0.016461 0.001578
1 0.503704 0.980658 0.657143 0.018519 0.001578
1 0.500529 0.031173 0.652910 0.016461 0.001578
