1 0.500000 0.024691 0.656085 0.018519 0.000822
1 0.501058 0.064815 0.649735 0.016461 0.000822
1 0.499471 0.106996 0.652910 0.018519 0.000822
1 0.498942 0.150206 0.653968 0.018519 0.000822
1 0.503704 0.195473 0.652910 0.018519 0.000822
1 0.497884 0.234568 0.649735 0.018519 0.000822
1 0.497884 0.276749 0.649735 0.020576 0.000822
1 0.503704 0.316872 0.652910 0.018519 0.000822
1 0.498942 0.364198 0.651852 0.018519 0.000822
1 0.498413 0.405350 0.650794 0.018519 0.000822
1 0.494180 0.452675 0.652910 0.018519 0.000822
1 0.500000 0.492798 0.649735 0.024691 0.000822
1 0.500000 0.538066 0.651852 0.024691 0.000822
1 0.498942 0.577160 0.651852 0.020576 0.000822
1 0.497884 0.625514 0.658201 0.018519 0.000822
1 0.497884 0.662551 0.656085 0.014403 0.000822
1 0.499471 0.710905 0.652910 0.020576 0.000822
1 0.496296 0.755144 0.652910 0.018519 0.000822
1 0.501058 0.796296 0.653968 0.018519 0.000822
1 0.499471 0.844650 0.655026 0.016461 0.000822
1 0.500529 0.885802 0.650794 0.020576 0.000822
1 0.503069 0.925926 0.657143 0.026749 0.000822
1 0.499471 0.971193 0.652910 0.018519 0.000822
