1 0.498941 0.245263 0.656783 0.020528 0.995343
1 0.501368 0.282590 0.656105 0.020425 0.995343
1 0.496948 0.328384 0.655436 0.020091 0.995343
1 0.498512 0.368924 0.654308 0.018344 0.995343
1 0.502406 0.415531 0.657682 0.020091 0.995343
1 0.497846 0.459081 0.656220 0.017470 0.995343
1 0.499730 0.496987 0.655436 0.019217 0.995343
1 0.498166 0.547044 0.655436 0.020091 0.995343
1 0.497180 0.585867 0.658131 0.020964 0.995343
1 0.495992 0.630392 0.655436 0.020091 0.995343
1 0.495832 0.669135 0.653639 0.020648 0.995343
1 0.499616 0.715676 0.655436 0.020964 0.995343
1 0.497753 0.756765 0.653132 0.020091 0.995343
1 0.500180 0.799257 0.653409 0.020091 0.995343
1 0.500000 0.845752 0.655885 0.019868 0.995343
1 0.503435 0.889515 0.658638 0.019013 0.995343
1 0.503848 0.933962 0.657233 0.020964 0.995343
1 0.500898 0.978232 0.654987 0.020091 0.995343
1 0.500898 0.034356 0.655885 0.021838 0.995343
1 0.501283 0.071571 0.653639 0.017767 0.995343
1 0.496296 0.109156 0.652910 0.016461 0.995343
1 0.498413 0.153498 0.657143 0.018519 0.995343
1 0.498413 0.199897 0.652910 0.016461 0.995343
