1 0.503174 0.234975 0.656783 0.020528 0.891561
1 0.503484 0.280532 0.656105 0.020425 0.891561
1 0.500122 0.324269 0.655436 0.020091 0.891561
1 0.497454 0.364809 0.654308 0.018344 0.891561
1 0.499231 0.407301 0.657682 0.020091 0.891561
1 0.501021 0.452908 0.656220 0.017470 0.891561
1 0.501847 0.499045 0.655436 0.019217 0.891561
1 0.499224 0.542929 0.655436 0.020091 0.891561
1 0.500354 0.583809 0.658131 0.020964 0.891561
1 0.497050 0.624219 0.655436 0.020091 0.891561
1 0.497948 0.671192 0.653639 0.020648 0.891561
1 0.499616 0.711561 0.655436 0.020964 0.891561
1 0.499869 0.754707 0.653132 0.020091 0.891561
1 0.498063 0.795141 0.653409 0.020091 0.891561
1 0.500000 0.837521 0.655885 0.019868 0.891561
1 0.500261 0.881285 0.658638 0.019013 0.891561
1 0.495383 0.927789 0.657233 0.020964 0.891561
1 0.500898 0.967944 0.654987 0.020091 0.891561
1 0.501957 0.019953 0.655885 0.021838 0.891561
1 0.500225 0.067456 0.653639 0.017767 0.891561
1 0.501587 0.109156 0.652910 0.016461 0.891561
1 0.499471 0.155556 0.657143 0.018519 0.891561
1 0.499471 0.195782 0.652910 0.016461 0.891561
