1 0.496825 0.115226 0.656085 0.018519 0.002702
1 0.494709 0.155350 0.649735 0.016461 0.002702
1 0.491005 0.201646 0.652910 0.018519 0.002702
1 0.495767 0.248971 0.653968 0.018519 0.002702
1 0.495238 0.286008 0.652910 0.018519 0.002702
1 0.493651 0.333333 0.649735 0.018519 0.002702
1 0.493651 0.375514 0.649735 0.020576 0.002702
1 0.496296 0.419753 0.652910 0.018519 0.002702
1 0.498942 0.458848 0.651852 0.018519 0.002702
1 0.495238 0.502058 0.650794 0.018519 0.002702
1 0.496296 0.547325 0.652910 0.018519 0.002702
1 0.497884 0.587449 0.649735 0.024691 0.002702
1 0.497884 0.628601 0.651852 0.024691 0.002702
1 0.498942 0.671811 0.651852 0.020576 0.002702
1 0.495238 0.713992 0.646561 0.018519 0.002702
1 0.498942 0.756173 0.656085 0.024691 0.002702
1 0.497354 0.803498 0.652910 0.020576 0.002702
1 0.499471 0.853909 0.652910 0.018519 0.002702
1 0.501058 0.890947 0.653968 0.018519 0.002702
1 0.500529 0.933128 0.655026 0.016461 0.002702
1 0.498413 0.980453 0.650794 0.020576 0.002702
1 0.495767 0.072016 0.653968 0.026749 0.002702
1 0.490476 0.029218 0.649735 0.020576 0.002702
