1 0.492593 0.129630 0.656085 0.018519 0.003321
1 0.490476 0.177984 0.649735 0.016461 0.003321
1 0.489947 0.218107 0.652910 0.018519 0.003321
1 0.491534 0.263374 0.653968 0.018519 0.003321
1 0.493122 0.304527 0.652910 0.018519 0.003321
1 0.492593 0.347737 0.649735 0.018519 0.003321
1 0.491534 0.391975 0.649735 0.020576 0.003321
1 0.493122 0.438272 0.652910 0.018519 0.003321
1 0.492593 0.475309 0.651852 0.018519 0.003321
1 0.498413 0.520576 0.650794 0.018519 0.003321
1 0.498413 0.563786 0.652910 0.018519 0.003321
1 0.497884 0.603909 0.649735 0.024691 0.003321
1 0.498942 0.647119 0.651852 0.024691 0.003321
1 0.498942 0.696502 0.651852 0.020576 0.003321
1 0.499471 0.777778 0.646561 0.018519 0.003321
1 0.502116 0.737654 0.656085 0.024691 0.003321
1 0.501587 0.824074 0.652910 0.020576 0.003321
1 0.498413 0.864198 0.652910 0.018519 0.003321
1 0.503175 0.913580 0.653968 0.018519 0.003321
1 0.503704 0.947531 0.655026 0.016461 0.003321
0 0.502646 0.988169 0.650794 0.020576 0.003321
1 0.494709 0.088477 0.653968 0.026749 0.003321
1 0.496825 0.045679 0.649735 0.020576 0.003321
