1 0.499840 0.045263 0.656783 0.020528 0.001053
1 0.501368 0.093289 0.656105 0.020425 0.001053
1 0.498006 0.130853 0.655436 0.020091 0.001053
1 0.497454 0.171393 0.654308 0.018344 0.001053
1 0.501348 0.220058 0.657682 0.020091 0.001053
1 0.503137 0.257435 0.656220 0.017470 0.001053
1 0.498672 0.307687 0.655436 0.019217 0.001053
1 0.499224 0.349513 0.655436 0.020091 0.001053
1 0.502471 0.392451 0.658131 0.020964 0.001053
1 0.500225 0.434919 0.655436 0.020091 0.001053
1 0.501123 0.477777 0.653639 0.020648 0.001053
1 0.494325 0.514030 0.655436 0.020964 0.001053
1 0.498811 0.561292 0.653132 0.020091 0.001053
1 0.494889 0.607899 0.653409 0.020091 0.001053
1 0.496825 0.646163 0.655885 0.019868 0.001053
1 0.499203 0.689927 0.658638 0.019013 0.001053
1 0.497499 0.732316 0.657233 0.020964 0.001053
1 0.498782 0.773808 0.654987 0.020091 0.001053
1 0.498782 0.815426 0.655885 0.021838 0.001053
1 0.497050 0.869925 0.653639 0.017767 0.001053
1 0.498413 0.904321 0.652910 0.016461 0.001053
1 0.498413 0.953909 0.657143 0.018519 0.001053
0 0.494180 0.992078 0.652910 0.016461 0.001053
