1 0.505290 0.313164 0.656783 0.020528 0.852976
1 0.500309 0.354606 0.656105 0.020425 0.852976
1 0.498006 0.398343 0.655436 0.020091 0.852976
1 0.501687 0.440941 0.654308 0.018344 0.852976
1 0.501348 0.483432 0.657682 0.020091 0.852976
1 0.501021 0.526982 0.656220 0.017470 0.852976
1 0.500789 0.569004 0.655436 0.019217 0.852976
1 0.499224 0.612888 0.655436 0.020091 0.852976
1 0.502471 0.657883 0.658131 0.020964 0.852976
1 0.501283 0.700351 0.655436 0.020091 0.852976
1 0.501123 0.743209 0.653639 0.020648 0.852976
1 0.503848 0.783578 0.655436 0.020964 0.852976
1 0.497753 0.828781 0.653132 0.020091 0.852976
1 0.501238 0.869215 0.653409 0.020091 0.852976
1 0.503175 0.913653 0.655885 0.019868 0.852976
1 0.502377 0.959474 0.658638 0.019013 0.852976
1 0.500898 0.053232 0.654987 0.020091 0.852976
1 0.499840 0.096085 0.655885 0.021838 0.852976
1 0.497050 0.141530 0.653639 0.017767 0.852976
1 0.499471 0.183230 0.652910 0.016461 0.852976
1 0.503704 0.227572 0.657143 0.018519 0.852976
1 0.500529 0.267798 0.652910 0.016461 0.852976
1 0.501587 0.012346 0.655026 0.018519 0.852976
