1 0.503174 0.228802 0.656783 0.020528 0.895553
1 0.503484 0.272301 0.656105 0.020425 0.895553
1 0.500122 0.307808 0.655436 0.020091 0.895553
1 0.496396 0.354521 0.654308 0.018344 0.895553
1 0.498173 0.397013 0.657682 0.020091 0.895553
1 0.501021 0.440562 0.656220 0.017470 0.895553
1 0.500789 0.486699 0.655436 0.019217 0.895553
1 0.499224 0.526468 0.655436 0.020091 0.895553
1 0.499296 0.573521 0.658131 0.020964 0.895553
1 0.494934 0.611873 0.655436 0.020091 0.895553
1 0.500065 0.652674 0.653639 0.020648 0.895553
1 0.500674 0.701273 0.655436 0.020964 0.895553
1 0.499869 0.744419 0.653132 0.020091 0.895553
1 0.499121 0.782796 0.653409 0.020091 0.895553
1 0.501058 0.825176 0.655885 0.019868 0.895553
1 0.500261 0.870997 0.658638 0.019013 0.895553
1 0.497499 0.913386 0.657233 0.020964 0.895553
1 0.499840 0.959713 0.654987 0.020091 0.895553
1 0.501957 0.011723 0.655885 0.021838 0.895553
1 0.500225 0.053052 0.653639 0.017767 0.895553
1 0.501587 0.102984 0.652910 0.016461 0.895553
1 0.499471 0.143210 0.657143 0.018519 0.895553
1 0.499471 0.181379 0.652910 0.016461 0.895553
