1 0.498942 0.096708 0.656085 0.018519 0.002881
1 0.494709 0.134774 0.649735 0.016461 0.002881
1 0.494180 0.179012 0.652910 0.018519 0.002881
1 0.500000 0.220165 0.653968 0.018519 0.002881
1 0.497354 0.261317 0.652910 0.018519 0.002881
1 0.497884 0.302469 0.649735 0.018519 0.002881
1 0.496825 0.352881 0.649735 0.020576 0.002881
1 0.497354 0.388889 0.652910 0.018519 0.002881
1 0.496825 0.432099 0.651852 0.018519 0.002881
1 0.497354 0.475309 0.650794 0.018519 0.002881
1 0.493122 0.516461 0.652910 0.018519 0.002881
1 0.497884 0.564815 0.649735 0.024691 0.002881
1 0.495767 0.608025 0.651852 0.024691 0.002881
1 0.495767 0.653292 0.651852 0.020576 0.002881
1 0.496296 0.691358 0.646561 0.018519 0.002881
1 0.497884 0.738683 0.656085 0.014403 0.002881
1 0.494180 0.782922 0.652910 0.020576 0.002881
1 0.496296 0.820988 0.652910 0.018519 0.002881
1 0.497884 0.872428 0.653968 0.018519 0.002881
1 0.497354 0.912551 0.655026 0.016461 0.002881
1 0.497354 0.955761 0.650794 0.020576 0.002881
1 0.495767 0.051440 0.653968 0.026749 0.002881
0 0.494709 0.989815 0.649735 0.020576 0.002881
