1 0.498942 0.078189 0.656085 0.018519 0.000614
1 0.496825 0.118313 0.649735 0.016461 0.000614
1 0.498413 0.166667 0.652910 0.018519 0.000614
1 0.495767 0.205761 0.653968 0.018519 0.000614
1 0.496296 0.253086 0.652910 0.018519 0.000614
1 0.497884 0.290123 0.649735 0.018519 0.000614
1 0.497884 0.340535 0.649735 0.020576 0.000614
1 0.501587 0.378601 0.652910 0.018519 0.000614
1 0.498942 0.425926 0.651852 0.018519 0.000614
1 0.499471 0.465021 0.650794 0.018519 0.000614
1 0.499471 0.510288 0.652910 0.018519 0.000614
1 0.498942 0.550412 0.649735 0.024691 0.000614
1 0.496825 0.591564 0.651852 0.024691 0.000614
1 0.498942 0.643004 0.651852 0.020576 0.000614
1 0.497354 0.681070 0.646561 0.018519 0.000614
1 0.496825 0.726337 0.656085 0.014403 0.000614
1 0.496296 0.768519 0.652910 0.020576 0.000614
1 0.499471 0.814815 0.652910 0.018519 0.000614
1 0.498942 0.853909 0.653968 0.018519 0.000614
1 0.502646 0.896091 0.655026 0.016461 0.000614
1 0.497354 0.941358 0.650794 0.020576 0.000614
1 0.496825 0.037037 0.653968 0.026749 0.000614
1 0.493651 0.982510 0.649735 0.020576 0.000614
