1 0.499999 0.261724 0.656783 0.020528 0.896218
1 0.502426 0.303166 0.656105 0.020425 0.896218
1 0.500122 0.346903 0.655436 0.020091 0.896218
1 0.497454 0.389500 0.654308 0.018344 0.896218
1 0.498173 0.434050 0.657682 0.020091 0.896218
1 0.498904 0.477599 0.656220 0.017470 0.896218
1 0.500789 0.519621 0.655436 0.019217 0.896218
1 0.498166 0.563505 0.655436 0.020091 0.896218
1 0.497180 0.606443 0.658131 0.020964 0.896218
1 0.495992 0.646853 0.655436 0.020091 0.896218
1 0.500065 0.687653 0.653639 0.020648 0.896218
1 0.499616 0.730080 0.655436 0.020964 0.896218
1 0.499869 0.775283 0.653132 0.020091 0.896218
1 0.499121 0.821890 0.653409 0.020091 0.896218
1 0.501058 0.864270 0.655885 0.019868 0.896218
1 0.501319 0.901861 0.658638 0.019013 0.896218
1 0.499616 0.946308 0.657233 0.020964 0.896218
1 0.499840 0.990578 0.654987 0.020091 0.896218
1 0.501957 0.042587 0.655885 0.021838 0.896218
1 0.499166 0.090089 0.653639 0.017767 0.896218
1 0.500529 0.131790 0.652910 0.016461 0.896218
1 0.500529 0.174074 0.657143 0.018519 0.896218
1 0.499471 0.216358 0.652910 0.016461 0.896218
