1 0.499999 0.313164 0.656783 0.020528 0.861624
1 0.502426 0.360779 0.656105 0.020425 0.861624
1 0.498006 0.400400 0.655436 0.020091 0.861624
1 0.500629 0.442998 0.654308 0.018344 0.861624
1 0.501348 0.491663 0.657682 0.020091 0.861624
1 0.501021 0.531097 0.656220 0.017470 0.861624
1 0.500789 0.573119 0.655436 0.019217 0.861624
1 0.500282 0.617003 0.655436 0.020091 0.861624
1 0.502471 0.657883 0.658131 0.020964 0.861624
1 0.501283 0.698293 0.655436 0.020091 0.861624
1 0.501123 0.743209 0.653639 0.020648 0.861624
1 0.502790 0.791808 0.655436 0.020964 0.861624
1 0.497753 0.830839 0.653132 0.020091 0.861624
1 0.501238 0.871273 0.653409 0.020091 0.861624
1 0.502116 0.917768 0.655885 0.019868 0.861624
1 0.503435 0.959474 0.658638 0.019013 0.861624
1 0.500898 0.057347 0.654987 0.020091 0.861624
1 0.499840 0.096085 0.655885 0.021838 0.861624
1 0.498108 0.139472 0.653639 0.017767 0.861624
1 0.499471 0.185288 0.652910 0.016461 0.861624
1 0.501587 0.227572 0.657143 0.018519 0.861624
1 0.500529 0.269856 0.652910 0.016461 0.861624
1 0.500529 0.012346 0.655026 0.018519 0.861624
