1 0.502014 0.029527 0.658466 0.019533 0.000128
1 0.499064 0.077991 0.656334 0.022275 0.000128
1 0.499730 0.116663 0.655206 0.018985 0.000128
1 0.501957 0.162547 0.656783 0.020528 0.000128
1 0.501368 0.202343 0.656105 0.020425 0.000128
1 0.500122 0.244022 0.655436 0.020091 0.000128
1 0.500629 0.296908 0.654308 0.018344 0.000128
1 0.497115 0.335284 0.657682 0.020091 0.000128
1 0.501021 0.376776 0.656220 0.017470 0.000128
1 0.497614 0.414683 0.655436 0.019217 0.000128
1 0.501340 0.462682 0.655436 0.020091 0.000128
1 0.504587 0.503562 0.658131 0.020964 0.000128
1 0.499166 0.548087 0.655436 0.020091 0.000128
1 0.500065 0.588888 0.653639 0.020648 0.000128
1 0.502790 0.633372 0.655436 0.020964 0.000128
1 0.500927 0.682691 0.653132 0.020091 0.000128
1 0.499121 0.723125 0.653409 0.020091 0.000128
1 0.500000 0.767563 0.655885 0.019868 0.000128
1 0.501319 0.809268 0.658638 0.019013 0.000128
1 0.501732 0.853715 0.657233 0.020964 0.000128
1 0.501957 0.893150 0.654987 0.020091 0.000128
1 0.498782 0.938883 0.655885 0.021838 0.000128
1 0.500225 0.983402 0.653639 0.017767 0.000128
