1 0.498941 0.212341 0.656783 0.020528 0.944118
1 0.500309 0.251725 0.656105 0.020425 0.944118
1 0.496948 0.293405 0.655436 0.020091 0.944118
1 0.497454 0.340118 0.654308 0.018344 0.944118
1 0.497115 0.384667 0.657682 0.020091 0.944118
1 0.502079 0.428216 0.656220 0.017470 0.944118
1 0.497614 0.466123 0.655436 0.019217 0.944118
1 0.499224 0.512065 0.655436 0.020091 0.944118
1 0.497180 0.552945 0.658131 0.020964 0.944118
1 0.501283 0.601585 0.655436 0.020091 0.944118
1 0.497948 0.638270 0.653639 0.020648 0.944118
1 0.498557 0.680697 0.655436 0.020964 0.944118
1 0.497753 0.725901 0.653132 0.020091 0.944118
1 0.497005 0.768392 0.653409 0.020091 0.944118
1 0.500000 0.810772 0.655885 0.019868 0.944118
1 0.500261 0.852478 0.658638 0.019013 0.944118
1 0.498557 0.901040 0.657233 0.020964 0.944118
1 0.499840 0.944796 0.654987 0.020091 0.944118
1 0.497050 0.038649 0.653639 0.017767 0.944118
1 0.495238 0.080350 0.652910 0.016461 0.944118
1 0.499471 0.126749 0.657143 0.018519 0.944118
1 0.496296 0.166975 0.652910 0.016461 0.944118
1 0.497884 0.988683 0.651852 0.022634 0.944118
