1 0.498942 0.080247 0.656085 0.018519 0.694642
1 0.498942 0.126543 0.649735 0.016461 0.694642
1 0.498413 0.168724 0.652910 0.018519 0.694642
1 0.497884 0.209877 0.653968 0.018519 0.694642
1 0.497354 0.255144 0.652910 0.018519 0.694642
1 0.498942 0.298354 0.649735 0.018519 0.694642
1 0.498942 0.340535 0.649735 0.020576 0.694642
1 0.501587 0.382716 0.652910 0.018519 0.694642
1 0.500000 0.421811 0.651852 0.018519 0.694642
1 0.495238 0.465021 0.650794 0.018519 0.694642
1 0.499471 0.512346 0.652910 0.018519 0.694642
1 0.498942 0.554527 0.649735 0.024691 0.694642
1 0.496825 0.597737 0.651852 0.024691 0.694642
1 0.494709 0.638889 0.651852 0.020576 0.694642
1 0.497354 0.679012 0.646561 0.018519 0.694642
1 0.498942 0.726337 0.656085 0.014403 0.694642
1 0.498413 0.770576 0.652910 0.020576 0.694642
1 0.500529 0.810700 0.652910 0.018519 0.694642
1 0.498942 0.851852 0.653968 0.018519 0.694642
1 0.499471 0.898148 0.655026 0.016461 0.694642
1 0.499471 0.937243 0.650794 0.020576 0.694642
1 0.495767 0.034979 0.653968 0.026749 0.694642
1 0.498942 0.976132 0.649735 0.020576 0.694642
