1 0.497883 0.259666 0.656783 0.020528 0.735224
1 0.497135 0.303166 0.656105 0.020425 0.735224
1 0.499064 0.346903 0.655436 0.020091 0.735224
1 0.501687 0.387443 0.654308 0.018344 0.735224
1 0.503464 0.427877 0.657682 0.020091 0.735224
1 0.502079 0.475542 0.656220 0.017470 0.735224
1 0.499730 0.517563 0.655436 0.019217 0.735224
1 0.499224 0.561447 0.655436 0.020091 0.735224
1 0.498238 0.602327 0.658131 0.020964 0.735224
1 0.503399 0.650968 0.655436 0.020091 0.735224
1 0.502181 0.693826 0.653639 0.020648 0.735224
1 0.499616 0.730080 0.655436 0.020964 0.735224
1 0.497753 0.779399 0.653132 0.020091 0.735224
1 0.497005 0.819833 0.653409 0.020091 0.735224
1 0.500000 0.862213 0.655885 0.019868 0.735224
1 0.501319 0.903919 0.658638 0.019013 0.735224
1 0.499616 0.948366 0.657233 0.020964 0.735224
1 0.499840 0.990681 0.654987 0.020091 0.735224
1 0.499840 0.046702 0.655885 0.021838 0.735224
1 0.499166 0.090089 0.653639 0.017767 0.735224
1 0.495238 0.131790 0.652910 0.016461 0.735224
1 0.499471 0.172016 0.657143 0.018519 0.735224
1 0.496296 0.220473 0.652910 0.016461 0.735224
0 0.501587 0.010597 0.661376 0.022634 0.735224
