1 0.499840 0.016456 0.656783 0.020528 0.000458
1 0.502426 0.056252 0.656105 0.020425 0.000458
1 0.499064 0.106162 0.655436 0.020091 0.000458
1 0.499571 0.142587 0.654308 0.018344 0.000458
1 0.499231 0.185078 0.657682 0.020091 0.000458
1 0.499963 0.224513 0.656220 0.017470 0.000458
1 0.501847 0.274765 0.655436 0.019217 0.000458
1 0.502398 0.316591 0.655436 0.020091 0.000458
1 0.502471 0.363644 0.658131 0.020964 0.000458
1 0.501283 0.404054 0.655436 0.020091 0.000458
1 0.495832 0.442797 0.653639 0.020648 0.000458
1 0.498557 0.485224 0.655436 0.020964 0.000458
1 0.497753 0.536600 0.653132 0.020091 0.000458
1 0.498063 0.572919 0.653409 0.020091 0.000458
1 0.498942 0.613242 0.655885 0.019868 0.000458
1 0.498144 0.659063 0.658638 0.019013 0.000458
1 0.497499 0.701452 0.657233 0.020964 0.000458
1 0.496666 0.749117 0.654987 0.020091 0.000458
1 0.495607 0.788677 0.655885 0.021838 0.000458
1 0.495992 0.832888 0.653639 0.017767 0.000458
1 0.500529 0.875514 0.652910 0.016461 0.000458
1 0.500000 0.915226 0.656085 0.015226 0.000458
1 0.495767 0.964043 0.643386 0.020679 0.000458
