1 0.493651 0.102881 0.656085 0.018519 0.003349
1 0.489418 0.147119 0.649735 0.016461 0.003349
1 0.491005 0.187243 0.652910 0.018519 0.003349
1 0.492593 0.230453 0.653968 0.018519 0.003349
1 0.492063 0.271605 0.652910 0.018519 0.003349
1 0.491534 0.318930 0.649735 0.018519 0.003349
1 0.491534 0.361111 0.649735 0.020576 0.003349
1 0.493122 0.405350 0.652910 0.018519 0.003349
1 0.491534 0.446502 0.651852 0.018519 0.003349
1 0.494180 0.491770 0.650794 0.018519 0.003349
1 0.497354 0.532922 0.652910 0.018519 0.003349
1 0.497884 0.577160 0.649735 0.024691 0.003349
1 0.496825 0.614198 0.651852 0.024691 0.003349
1 0.498942 0.657407 0.651852 0.020576 0.003349
1 0.498413 0.746914 0.646561 0.018519 0.003349
1 0.504233 0.700617 0.656085 0.024691 0.003349
1 0.500529 0.784979 0.652910 0.020576 0.003349
1 0.498413 0.833333 0.652910 0.018519 0.003349
1 0.501058 0.874486 0.653968 0.018519 0.003349
1 0.503704 0.918724 0.655026 0.016461 0.003349
1 0.501587 0.963477 0.650794 0.020576 0.003349
1 0.496825 0.057613 0.653968 0.026749 0.003349
0 0.495767 0.027160 0.649735 0.020576 0.003349
