1 0.499999 0.251435 0.656783 0.020528 0.986695
1 0.500309 0.290820 0.656105 0.020425 0.986695
1 0.500122 0.334557 0.655436 0.020091 0.986695
1 0.499571 0.377155 0.654308 0.018344 0.986695
1 0.501348 0.423762 0.657682 0.020091 0.986695
1 0.501021 0.463196 0.656220 0.017470 0.986695
1 0.497614 0.507275 0.655436 0.019217 0.986695
1 0.496049 0.553217 0.655436 0.020091 0.986695
1 0.501413 0.592039 0.658131 0.020964 0.986695
1 0.498108 0.638622 0.655436 0.020091 0.986695
1 0.497948 0.679423 0.653639 0.020648 0.986695
1 0.498557 0.728022 0.655436 0.020964 0.986695
1 0.497753 0.769111 0.653132 0.020091 0.986695
1 0.498063 0.813660 0.653409 0.020091 0.986695
1 0.498942 0.856040 0.655885 0.019868 0.986695
1 0.501319 0.897746 0.658638 0.019013 0.986695
1 0.497499 0.942193 0.657233 0.020964 0.986695
1 0.499840 0.984096 0.654987 0.020091 0.986695
1 0.499840 0.036414 0.655885 0.021838 0.986695
1 0.494934 0.077744 0.653639 0.017767 0.986695
1 0.496296 0.123560 0.652910 0.016461 0.986695
1 0.499471 0.167901 0.657143 0.018519 0.986695
1 0.495238 0.208128 0.652910 0.016461 0.986695
