1 0.498942 0.043210 0.656085 0.018519 0.000808
1 0.500000 0.083333 0.649735 0.016461 0.000808
1 0.500529 0.129630 0.652910 0.018519 0.000808
1 0.498942 0.170782 0.653968 0.018519 0.000808
1 0.499471 0.218107 0.652910 0.018519 0.000808
1 0.501058 0.261317 0.649735 0.018519 0.000808
1 0.497884 0.303498 0.649735 0.020576 0.000808
1 0.501587 0.347737 0.652910 0.018519 0.000808
1 0.497884 0.388889 0.651852 0.018519 0.000808
1 0.496296 0.430041 0.650794 0.018519 0.000808
1 0.500529 0.471193 0.652910 0.018519 0.000808
1 0.498942 0.513374 0.649735 0.024691 0.000808
1 0.496825 0.558642 0.651852 0.024691 0.000808
1 0.501058 0.601852 0.651852 0.020576 0.000808
1 0.496296 0.648148 0.646561 0.018519 0.000808
1 0.495767 0.687243 0.656085 0.014403 0.000808
1 0.497354 0.737654 0.652910 0.020576 0.000808
1 0.502646 0.779835 0.652910 0.018519 0.000808
1 0.500000 0.823045 0.653968 0.018519 0.000808
1 0.499471 0.865226 0.655026 0.016461 0.000808
1 0.497354 0.910494 0.650794 0.020576 0.000808
1 0.501587 0.950617 0.657143 0.026749 0.000808
0 0.501587 0.987654 0.652910 0.018519 0.000808
