1 0.503174 0.189707 0.656783 0.020528 0.001304
1 0.504542 0.231149 0.656105 0.020425 0.001304
1 0.504355 0.272828 0.655436 0.020091 0.001304
1 0.501687 0.313369 0.654308 0.018344 0.001304
1 0.501348 0.355860 0.657682 0.020091 0.001304
1 0.501021 0.399410 0.656220 0.017470 0.001304
1 0.501847 0.443489 0.655436 0.019217 0.001304
1 0.500282 0.485316 0.655436 0.020091 0.001304
1 0.502471 0.532369 0.658131 0.020964 0.001304
1 0.501283 0.572779 0.655436 0.020091 0.001304
1 0.500065 0.621810 0.653639 0.020648 0.001304
1 0.500674 0.668351 0.655436 0.020964 0.001304
1 0.504102 0.707382 0.653132 0.020091 0.001304
1 0.501238 0.747816 0.653409 0.020091 0.001304
1 0.500000 0.796369 0.655885 0.019868 0.001304
1 0.501319 0.836017 0.658638 0.019013 0.001304
1 0.498557 0.884580 0.657233 0.020964 0.001304
1 0.498782 0.928129 0.654987 0.020091 0.001304
1 0.498782 0.967690 0.655885 0.021838 0.001304
0 0.499166 0.018073 0.653639 0.017767 0.001304
1 0.496296 0.055658 0.652910 0.016461 0.001304
1 0.501587 0.108230 0.657143 0.018519 0.001304
1 0.499471 0.144342 0.652910 0.016461 0.001304
