1 0.496824 0.237032 0.656783 0.020528 0.935469
1 0.502426 0.278474 0.656105 0.020425 0.935469
1 0.498006 0.320154 0.655436 0.020091 0.935469
1 0.497454 0.364809 0.654308 0.018344 0.935469
1 0.497115 0.411416 0.657682 0.020091 0.935469
1 0.493613 0.450850 0.656220 0.017470 0.935469
1 0.494439 0.492872 0.655436 0.019217 0.935469
1 0.497107 0.542929 0.655436 0.020091 0.935469
1 0.497180 0.579694 0.658131 0.020964 0.935469
1 0.494934 0.624219 0.655436 0.020091 0.935469
1 0.496890 0.667077 0.653639 0.020648 0.935469
1 0.497499 0.715676 0.655436 0.020964 0.935469
1 0.497753 0.752650 0.653132 0.020091 0.935469
1 0.499121 0.793084 0.653409 0.020091 0.935469
1 0.497884 0.841637 0.655885 0.019868 0.935469
1 0.500261 0.879227 0.658638 0.019013 0.935469
1 0.501732 0.927789 0.657233 0.020964 0.935469
1 0.500898 0.967430 0.654987 0.020091 0.935469
1 0.499840 0.018616 0.655885 0.021838 0.935469
1 0.499166 0.067456 0.653639 0.017767 0.935469
1 0.498413 0.113272 0.652910 0.016461 0.935469
1 0.498413 0.149383 0.657143 0.018519 0.935469
1 0.498413 0.197840 0.652910 0.016461 0.935469
