1 0.501057 0.132094 0.656783 0.020528 0.001393
1 0.500309 0.175594 0.656105 0.020425 0.001393
1 0.500122 0.217273 0.655436 0.020091 0.001393
1 0.501687 0.263986 0.654308 0.018344 0.001393
1 0.504522 0.308535 0.657682 0.020091 0.001393
1 0.503137 0.350027 0.656220 0.017470 0.001393
1 0.500789 0.389991 0.655436 0.019217 0.001393
1 0.502398 0.431818 0.655436 0.020091 0.001393
1 0.501413 0.474755 0.658131 0.020964 0.001393
1 0.501283 0.519281 0.655436 0.020091 0.001393
1 0.500065 0.564196 0.653639 0.020648 0.001393
1 0.499616 0.604565 0.655436 0.020964 0.001393
1 0.498811 0.651827 0.653132 0.020091 0.001393
1 0.500180 0.692261 0.653409 0.020091 0.001393
1 0.501058 0.738756 0.655885 0.019868 0.001393
1 0.504494 0.780462 0.658638 0.019013 0.001393
1 0.499616 0.820794 0.657233 0.020964 0.001393
1 0.500898 0.866401 0.654987 0.020091 0.001393
1 0.499840 0.908019 0.655885 0.021838 0.001393
1 0.498108 0.954287 0.653639 0.017767 0.001393
0 0.498413 0.018621 0.652910 0.016461 0.001393
1 0.500529 0.048560 0.657143 0.018519 0.001393
1 0.497354 0.088786 0.652910 0.016461 0.001393
