1 0.501057 0.105345 0.656783 0.020528 0.001488
1 0.501368 0.148845 0.656105 0.020425 0.001488
1 0.500122 0.198754 0.655436 0.020091 0.001488
1 0.498512 0.239295 0.654308 0.018344 0.001488
1 0.503464 0.277671 0.657682 0.020091 0.001488
1 0.505254 0.325336 0.656220 0.017470 0.001488
1 0.502905 0.367357 0.655436 0.019217 0.001488
1 0.503457 0.407126 0.655436 0.020091 0.001488
1 0.503529 0.450064 0.658131 0.020964 0.001488
1 0.501283 0.500762 0.655436 0.020091 0.001488
1 0.499007 0.539505 0.653639 0.020648 0.001488
1 0.499616 0.583989 0.655436 0.020964 0.001488
1 0.498811 0.625078 0.653132 0.020091 0.001488
1 0.498063 0.671685 0.653409 0.020091 0.001488
1 0.501058 0.709949 0.655885 0.019868 0.001488
1 0.502377 0.753713 0.658638 0.019013 0.001488
1 0.498557 0.802275 0.657233 0.020964 0.001488
1 0.501957 0.845825 0.654987 0.020091 0.001488
1 0.499840 0.887443 0.655885 0.021838 0.001488
1 0.498108 0.925480 0.653639 0.017767 0.001488
1 0.498413 0.968107 0.652910 0.016461 0.001488
1 0.498413 0.023868 0.657143 0.018519 0.001488
1 0.498413 0.064095 0.652910 0.016461 0.001488
