0 0.500122 0.022435 0.656334 0.022275 0.000307
1 0.499730 0.050819 0.655206 0.018985 0.000307
1 0.501957 0.090530 0.656783 0.020528 0.000307
1 0.503484 0.130326 0.656105 0.020425 0.000307
1 0.499064 0.180236 0.655436 0.020091 0.000307
1 0.501687 0.216661 0.654308 0.018344 0.000307
1 0.500290 0.259152 0.657682 0.020091 0.000307
1 0.504195 0.306817 0.656220 0.017470 0.000307
1 0.501847 0.348839 0.655436 0.019217 0.000307
1 0.501340 0.392723 0.655436 0.020091 0.000307
1 0.501413 0.435661 0.658131 0.020964 0.000307
1 0.500225 0.476071 0.655436 0.020091 0.000307
1 0.501123 0.520986 0.653639 0.020648 0.000307
1 0.497499 0.565471 0.655436 0.020964 0.000307
1 0.496694 0.610674 0.653132 0.020091 0.000307
1 0.497005 0.653166 0.653409 0.020091 0.000307
1 0.500000 0.697604 0.655885 0.019868 0.000307
1 0.497086 0.737252 0.658638 0.019013 0.000307
1 0.497499 0.779641 0.657233 0.020964 0.000307
1 0.498782 0.825248 0.654987 0.020091 0.000307
1 0.499840 0.868924 0.655885 0.021838 0.000307
1 0.498108 0.906962 0.653639 0.017767 0.000307
1 0.496296 0.957819 0.652910 0.016461 0.000307
0 0.497354 0.985597 0.657143 0.018519 0.000307
