1 0.502115 0.249378 0.656783 0.020528 0.001110
1 0.501368 0.294935 0.656105 0.020425 0.001110
1 0.499064 0.338672 0.655436 0.020091 0.001110
1 0.498512 0.379212 0.654308 0.018344 0.001110
1 0.501348 0.423762 0.657682 0.020091 0.001110
1 0.501021 0.465254 0.656220 0.017470 0.001110
1 0.502905 0.507275 0.655436 0.019217 0.001110
1 0.501340 0.551159 0.655436 0.020091 0.001110
1 0.502471 0.594097 0.658131 0.020964 0.001110
1 0.500225 0.638622 0.655436 0.020091 0.001110
1 0.500065 0.683538 0.653639 0.020648 0.001110
1 0.497499 0.723907 0.655436 0.020964 0.001110
1 0.496694 0.769111 0.653132 0.020091 0.001110
1 0.500180 0.809545 0.653409 0.020091 0.001110
1 0.501058 0.856040 0.655885 0.019868 0.001110
1 0.503435 0.899803 0.658638 0.019013 0.001110
1 0.499616 0.940135 0.657233 0.020964 0.001110
1 0.498782 0.985742 0.654987 0.020091 0.001110
1 0.498782 0.037648 0.655885 0.021838 0.001110
1 0.499166 0.079801 0.653639 0.017767 0.001110
1 0.497354 0.123560 0.652910 0.016461 0.001110
1 0.501587 0.161728 0.657143 0.018519 0.001110
1 0.500529 0.204012 0.652910 0.016461 0.001110
