1 0.492593 0.174897 0.656085 0.018519 0.003217
1 0.492593 0.219136 0.649735 0.016461 0.003217
1 0.494180 0.257202 0.652910 0.018519 0.003217
1 0.494709 0.296296 0.653968 0.018519 0.003217
1 0.496296 0.345679 0.652910 0.018519 0.003217
1 0.493651 0.382716 0.649735 0.018519 0.003217
1 0.494709 0.426955 0.649735 0.020576 0.003217
1 0.496296 0.471193 0.652910 0.018519 0.003217
1 0.500000 0.514403 0.651852 0.018519 0.003217
1 0.500529 0.557613 0.650794 0.018519 0.003217
1 0.500529 0.598765 0.652910 0.018519 0.003217
1 0.500000 0.645062 0.649735 0.024691 0.003217
1 0.504233 0.692387 0.651852 0.024691 0.003217
1 0.498942 0.737654 0.651852 0.020576 0.003217
1 0.498413 0.816872 0.646561 0.018519 0.003217
1 0.501058 0.774691 0.656085 0.024691 0.003217
1 0.499471 0.867284 0.652910 0.020576 0.003217
1 0.499471 0.909465 0.652910 0.018519 0.003217
1 0.503175 0.944444 0.653968 0.018519 0.003217
1 0.499471 0.992078 0.655026 0.016461 0.003217
1 0.491005 0.046502 0.650794 0.020576 0.003217
1 0.494709 0.129630 0.653968 0.026749 0.003217
1 0.494709 0.084774 0.649735 0.020576 0.003217
