1 0.498942 0.158436 0.656085 0.018519 0.002962
1 0.500000 0.202675 0.649735 0.016461 0.002962
1 0.498413 0.244856 0.652910 0.018519 0.002962
1 0.498942 0.281893 0.653968 0.018519 0.002962
1 0.498413 0.320988 0.652910 0.018519 0.002962
1 0.495767 0.372428 0.649735 0.018519 0.002962
1 0.495767 0.416667 0.649735 0.020576 0.002962
1 0.497354 0.454733 0.652910 0.018519 0.002962
1 0.494709 0.500000 0.651852 0.018519 0.002962
1 0.496296 0.543210 0.650794 0.018519 0.002962
1 0.501587 0.582305 0.652910 0.018519 0.002962
1 0.498942 0.628601 0.649735 0.024691 0.002962
1 0.502116 0.669753 0.651852 0.024691 0.002962
1 0.503175 0.717078 0.651852 0.020576 0.002962
1 0.500529 0.804527 0.646561 0.018519 0.002962
1 0.503175 0.758230 0.656085 0.024691 0.002962
1 0.501587 0.846708 0.652910 0.020576 0.002962
1 0.502646 0.893004 0.652910 0.018519 0.002962
1 0.505291 0.936214 0.653968 0.018519 0.002962
1 0.505820 0.973251 0.655026 0.016461 0.002962
1 0.495238 0.021811 0.650794 0.020576 0.002962
1 0.494709 0.106996 0.653968 0.026749 0.002962
1 0.493651 0.062140 0.649735 0.020576 0.002962
