1 0.504232 0.218514 0.656783 0.020528 0.719257
1 0.503484 0.259956 0.656105 0.020425 0.719257
1 0.500122 0.297520 0.655436 0.020091 0.719257
1 0.503803 0.342175 0.654308 0.018344 0.719257
1 0.501348 0.384667 0.657682 0.020091 0.719257
1 0.502079 0.434389 0.656220 0.017470 0.719257
1 0.503963 0.476411 0.655436 0.019217 0.719257
1 0.502398 0.520295 0.655436 0.020091 0.719257
1 0.502471 0.557060 0.658131 0.020964 0.719257
1 0.499166 0.605700 0.655436 0.020091 0.719257
1 0.501123 0.646501 0.653639 0.020648 0.719257
1 0.501732 0.688927 0.655436 0.020964 0.719257
1 0.501985 0.734131 0.653132 0.020091 0.719257
1 0.504412 0.772508 0.653409 0.020091 0.719257
1 0.504233 0.821061 0.655885 0.019868 0.719257
1 0.500261 0.862766 0.658638 0.019013 0.719257
1 0.502790 0.903098 0.657233 0.020964 0.719257
1 0.504073 0.947471 0.654987 0.020091 0.719257
1 0.499166 0.046880 0.653639 0.017767 0.719257
1 0.501587 0.086523 0.652910 0.016461 0.719257
1 0.504762 0.126749 0.657143 0.018519 0.719257
1 0.500529 0.173148 0.652910 0.016461 0.719257
1 0.501058 0.988786 0.651852 0.022634 0.719257
