1 0.492593 0.174897 0.656085 0.018519 0.003202
1 0.495767 0.217078 0.649735 0.016461 0.003202
1 0.494180 0.263374 0.652910 0.018519 0.003202
1 0.494709 0.300412 0.653968 0.018519 0.003202
1 0.496296 0.347737 0.652910 0.018519 0.003202
1 0.493651 0.386831 0.649735 0.018519 0.003202
1 0.495767 0.435185 0.649735 0.020576 0.003202
1 0.496296 0.473251 0.652910 0.018519 0.003202
1 0.500000 0.514403 0.651852 0.018519 0.003202
1 0.500529 0.557613 0.650794 0.018519 0.003202
1 0.500529 0.600823 0.652910 0.018519 0.003202
1 0.501058 0.649177 0.649735 0.024691 0.003202
1 0.504233 0.692387 0.651852 0.024691 0.003202
1 0.498942 0.733539 0.651852 0.020576 0.003202
1 0.499471 0.818930 0.646561 0.018519 0.003202
1 0.501058 0.774691 0.656085 0.024691 0.003202
1 0.500529 0.865226 0.652910 0.020576 0.003202
1 0.500529 0.905350 0.652910 0.018519 0.003202
1 0.504233 0.950617 0.653968 0.018519 0.003202
0 0.504762 0.992284 0.655026 0.016461 0.003202
1 0.491005 0.044444 0.650794 0.020576 0.003202
1 0.494709 0.129630 0.653968 0.026749 0.003202
1 0.494709 0.086831 0.649735 0.020576 0.003202
