1 0.499999 0.243205 0.656783 0.020528 0.650069
1 0.499251 0.286705 0.656105 0.020425 0.650069
1 0.500122 0.332499 0.655436 0.020091 0.650069
1 0.499571 0.377155 0.654308 0.018344 0.650069
1 0.500290 0.415531 0.657682 0.020091 0.650069
1 0.497846 0.457023 0.656220 0.017470 0.650069
1 0.497614 0.501102 0.655436 0.019217 0.650069
1 0.498166 0.547044 0.655436 0.020091 0.650069
1 0.501413 0.585867 0.658131 0.020964 0.650069
1 0.500225 0.628334 0.655436 0.020091 0.650069
1 0.497948 0.669135 0.653639 0.020648 0.650069
1 0.502790 0.713619 0.655436 0.020964 0.650069
1 0.495636 0.756765 0.653132 0.020091 0.650069
1 0.499121 0.805429 0.653409 0.020091 0.650069
1 0.497884 0.849867 0.655885 0.019868 0.650069
1 0.500261 0.887458 0.658638 0.019013 0.650069
1 0.498557 0.929847 0.657233 0.020964 0.650069
1 0.499840 0.971545 0.654987 0.020091 0.650069
1 0.500898 0.030241 0.655885 0.021838 0.650069
1 0.498108 0.071571 0.653639 0.017767 0.650069
1 0.499471 0.115329 0.652910 0.016461 0.650069
1 0.500529 0.155556 0.657143 0.018519 0.650069
1 0.499471 0.204012 0.652910 0.016461 0.650069
