1 0.502115 0.220571 0.656783 0.020528 0.001228
1 0.503484 0.264071 0.656105 0.020425 0.001228
1 0.501180 0.311923 0.655436 0.020091 0.001228
1 0.498512 0.354521 0.654308 0.018344 0.001228
1 0.501348 0.397013 0.657682 0.020091 0.001228
1 0.501021 0.440562 0.656220 0.017470 0.001228
1 0.501847 0.482584 0.655436 0.019217 0.001228
1 0.500282 0.528526 0.655436 0.020091 0.001228
1 0.502471 0.571463 0.658131 0.020964 0.001228
1 0.500225 0.613931 0.655436 0.020091 0.001228
1 0.499007 0.656789 0.653639 0.020648 0.001228
1 0.496441 0.697158 0.655436 0.020964 0.001228
1 0.497753 0.738246 0.653132 0.020091 0.001228
1 0.500180 0.784853 0.653409 0.020091 0.001228
1 0.500000 0.825176 0.655885 0.019868 0.001228
1 0.501319 0.875112 0.658638 0.019013 0.001228
1 0.499616 0.921617 0.657233 0.020964 0.001228
1 0.498782 0.958993 0.654987 0.020091 0.001228
0 0.501957 0.012957 0.655885 0.021838 0.001228
1 0.499166 0.055110 0.653639 0.017767 0.001228
1 0.497354 0.094753 0.652910 0.016461 0.001228
1 0.501587 0.141152 0.657143 0.018519 0.001228
1 0.499471 0.183436 0.652910 0.016461 0.001228
