1 0.494709 0.139918 0.656085 0.018519 0.003056
1 0.497884 0.177984 0.649735 0.016461 0.003056
1 0.498413 0.218107 0.652910 0.018519 0.003056
1 0.501058 0.263374 0.653968 0.018519 0.003056
1 0.498413 0.306584 0.652910 0.018519 0.003056
1 0.497884 0.347737 0.649735 0.018519 0.003056
1 0.498942 0.394033 0.649735 0.020576 0.003056
1 0.501587 0.438272 0.652910 0.018519 0.003056
1 0.500000 0.479424 0.651852 0.018519 0.003056
1 0.501587 0.520576 0.650794 0.018519 0.003056
1 0.500529 0.567901 0.652910 0.018519 0.003056
1 0.500000 0.610082 0.649735 0.024691 0.003056
1 0.503175 0.657407 0.651852 0.024691 0.003056
1 0.503175 0.694444 0.651852 0.020576 0.003056
1 0.502646 0.783951 0.646561 0.018519 0.003056
1 0.502116 0.739712 0.656085 0.024691 0.003056
1 0.501587 0.828189 0.652910 0.020576 0.003056
1 0.502646 0.870370 0.652910 0.018519 0.003056
1 0.502116 0.913580 0.653968 0.018519 0.003056
1 0.504762 0.952675 0.655026 0.016461 0.003056
0 0.494180 0.017695 0.650794 0.020576 0.003056
1 0.495767 0.090535 0.653968 0.026749 0.003056
1 0.494709 0.051852 0.649735 0.020576 0.003056
