1 0.498941 0.274069 0.656783 0.020528 0.961414
1 0.501368 0.315511 0.656105 0.020425 0.961414
1 0.496948 0.357191 0.655436 0.020091 0.961414
1 0.498512 0.401846 0.654308 0.018344 0.961414
1 0.500290 0.444338 0.657682 0.020091 0.961414
1 0.501021 0.483772 0.656220 0.017470 0.961414
1 0.500789 0.525794 0.655436 0.019217 0.961414
1 0.500282 0.571735 0.655436 0.020091 0.961414
1 0.502471 0.614673 0.658131 0.020964 0.961414
1 0.504457 0.663314 0.655436 0.020091 0.961414
1 0.503239 0.702056 0.653639 0.020648 0.961414
1 0.501732 0.746541 0.655436 0.020964 0.961414
1 0.501985 0.785571 0.653132 0.020091 0.961414
1 0.502296 0.826006 0.653409 0.020091 0.961414
1 0.506349 0.872501 0.655885 0.019868 0.961414
1 0.505552 0.914207 0.658638 0.019013 0.961414
1 0.503848 0.957110 0.657233 0.020964 0.961414
1 0.497724 0.011154 0.654987 0.020091 0.961414
1 0.498782 0.057504 0.655885 0.021838 0.961414
1 0.499166 0.096262 0.653639 0.017767 0.961414
1 0.498413 0.142078 0.652910 0.016461 0.961414
1 0.500529 0.184362 0.657143 0.018519 0.961414
1 0.500529 0.224588 0.652910 0.016461 0.961414
