1 0.499999 0.230859 0.656783 0.020528 0.657387
1 0.500309 0.270244 0.656105 0.020425 0.657387
1 0.501180 0.313981 0.655436 0.020091 0.657387
1 0.499571 0.354521 0.654308 0.018344 0.657387
1 0.499231 0.397013 0.657682 0.020091 0.657387
1 0.499963 0.446735 0.656220 0.017470 0.657387
1 0.498672 0.488757 0.655436 0.019217 0.657387
1 0.498166 0.534698 0.655436 0.020091 0.657387
1 0.501413 0.573521 0.658131 0.020964 0.657387
1 0.500225 0.611873 0.655436 0.020091 0.657387
1 0.497948 0.660904 0.653639 0.020648 0.657387
1 0.499616 0.707446 0.655436 0.020964 0.657387
1 0.498811 0.742362 0.653132 0.020091 0.657387
1 0.499121 0.788968 0.653409 0.020091 0.657387
1 0.498942 0.827233 0.655885 0.019868 0.657387
1 0.500261 0.875112 0.658638 0.019013 0.657387
1 0.499616 0.919559 0.657233 0.020964 0.657387
1 0.500898 0.961257 0.654987 0.020091 0.657387
1 0.500898 0.013780 0.655885 0.021838 0.657387
1 0.498108 0.050995 0.653639 0.017767 0.657387
1 0.499471 0.096811 0.652910 0.016461 0.657387
1 0.500529 0.149383 0.657143 0.018519 0.657387
1 0.500529 0.189609 0.652910 0.016461 0.657387
