0 0.501847 0.015840 0.655206 0.018985 0.000392
1 0.500898 0.049378 0.656783 0.020528 0.000392
1 0.502426 0.089174 0.656105 0.020425 0.000392
1 0.499064 0.128796 0.655436 0.020091 0.000392
1 0.497454 0.175509 0.654308 0.018344 0.000392
1 0.501348 0.220058 0.657682 0.020091 0.000392
1 0.498904 0.249204 0.656220 0.017470 0.000392
1 0.499730 0.305629 0.655436 0.019217 0.000392
1 0.502398 0.345398 0.655436 0.020091 0.000392
1 0.503529 0.390393 0.658131 0.020964 0.000392
1 0.500225 0.426688 0.655436 0.020091 0.000392
1 0.500065 0.473661 0.653639 0.020648 0.000392
1 0.498557 0.518146 0.655436 0.020964 0.000392
1 0.495636 0.563349 0.653132 0.020091 0.000392
1 0.499121 0.599668 0.653409 0.020091 0.000392
1 0.496825 0.642048 0.655885 0.019868 0.000392
1 0.501319 0.687869 0.658638 0.019013 0.000392
1 0.498557 0.730259 0.657233 0.020964 0.000392
1 0.492433 0.775866 0.654987 0.020091 0.000392
1 0.495607 0.817484 0.655885 0.021838 0.000392
1 0.492817 0.861694 0.653639 0.017767 0.000392
1 0.496296 0.908436 0.652910 0.016461 0.000392
1 0.497354 0.945679 0.657143 0.018519 0.000392
0 0.501058 0.986626 0.649735 0.016461 0.000392
