1 0.501057 0.230859 0.656783 0.020528 0.908858
1 0.501368 0.272301 0.656105 0.020425 0.908858
1 0.501180 0.316038 0.655436 0.020091 0.908858
1 0.498512 0.360694 0.654308 0.018344 0.908858
1 0.498173 0.403185 0.657682 0.020091 0.908858
1 0.501021 0.448793 0.656220 0.017470 0.908858
1 0.497614 0.488757 0.655436 0.019217 0.908858
1 0.497107 0.528526 0.655436 0.020091 0.908858
1 0.496122 0.571463 0.658131 0.020964 0.908858
1 0.494934 0.615989 0.655436 0.020091 0.908858
1 0.499007 0.658847 0.653639 0.020648 0.908858
1 0.496441 0.701273 0.655436 0.020964 0.908858
1 0.498811 0.744419 0.653132 0.020091 0.908858
1 0.499121 0.786911 0.653409 0.020091 0.908858
1 0.500000 0.831349 0.655885 0.019868 0.908858
1 0.501319 0.875112 0.658638 0.019013 0.908858
1 0.499616 0.919559 0.657233 0.020964 0.908858
1 0.499840 0.963314 0.654987 0.020091 0.908858
1 0.500898 0.011723 0.655885 0.021838 0.908858
1 0.502341 0.055110 0.653639 0.017767 0.908858
1 0.496296 0.100926 0.652910 0.016461 0.908858
1 0.500529 0.143210 0.657143 0.018519 0.908858
1 0.499471 0.187551 0.652910 0.016461 0.908858
