1 0.496824 0.265839 0.656783 0.020528 0.631442
1 0.498193 0.309339 0.656105 0.020425 0.631442
1 0.496948 0.357191 0.655436 0.020091 0.631442
1 0.500629 0.399788 0.654308 0.018344 0.631442
1 0.499231 0.442280 0.657682 0.020091 0.631442
1 0.495730 0.483772 0.656220 0.017470 0.631442
1 0.494439 0.521678 0.655436 0.019217 0.631442
1 0.497107 0.567620 0.655436 0.020091 0.631442
1 0.498238 0.610558 0.658131 0.020964 0.631442
1 0.498108 0.650968 0.655436 0.020091 0.631442
1 0.495832 0.693826 0.653639 0.020648 0.631442
1 0.497499 0.738310 0.655436 0.020964 0.631442
1 0.498811 0.783514 0.653132 0.020091 0.631442
1 0.495947 0.828063 0.653409 0.020091 0.631442
1 0.497884 0.868386 0.655885 0.019868 0.631442
1 0.500261 0.912149 0.658638 0.019013 0.631442
1 0.499616 0.960711 0.657233 0.020964 0.631442
0 0.497724 0.022985 0.654987 0.020091 0.631442
1 0.493491 0.056990 0.655885 0.021838 0.631442
1 0.494934 0.092147 0.653639 0.017767 0.631442
1 0.497354 0.135905 0.652910 0.016461 0.631442
1 0.499471 0.178189 0.657143 0.018519 0.631442
1 0.494180 0.222531 0.652910 0.016461 0.631442
