1 0.498942 0.133745 0.656085 0.018519 0.002938
1 0.496825 0.175926 0.649735 0.016461 0.002938
1 0.495238 0.222222 0.652910 0.018519 0.002938
1 0.496825 0.261317 0.653968 0.018519 0.002938
1 0.496296 0.304527 0.652910 0.018519 0.002938
1 0.494709 0.351852 0.649735 0.018519 0.002938
1 0.495767 0.394033 0.649735 0.020576 0.002938
1 0.497354 0.438272 0.652910 0.018519 0.002938
1 0.495767 0.481481 0.651852 0.018519 0.002938
1 0.499471 0.524691 0.650794 0.018519 0.002938
1 0.498413 0.561728 0.652910 0.018519 0.002938
1 0.498942 0.608025 0.649735 0.024691 0.002938
1 0.500000 0.651235 0.651852 0.024691 0.002938
1 0.502116 0.696502 0.651852 0.020576 0.002938
1 0.500529 0.781893 0.646561 0.018519 0.002938
1 0.503175 0.737654 0.656085 0.024691 0.002938
1 0.501587 0.828189 0.652910 0.020576 0.002938
1 0.501587 0.870370 0.652910 0.018519 0.002938
1 0.502116 0.913580 0.653968 0.018519 0.002938
1 0.505820 0.952675 0.655026 0.016461 0.002938
1 0.494180 0.011523 0.650794 0.020576 0.002938
1 0.494709 0.094650 0.653968 0.026749 0.002938
1 0.493651 0.049794 0.649735 0.020576 0.002938
