1 0.496666 0.922217 0.656783 0.020528 0.002135
1 0.496077 0.969832 0.656105 0.020425 0.002135
1 0.498006 0.025915 0.655436 0.020091 0.002135
1 0.494280 0.066455 0.654308 0.018344 0.002135
1 0.498173 0.104832 0.657682 0.020091 0.002135
1 0.497846 0.150439 0.656220 0.017470 0.002135
1 0.496556 0.192460 0.655436 0.019217 0.002135
1 0.497107 0.234287 0.655436 0.020091 0.002135
1 0.500354 0.275167 0.658131 0.020964 0.002135
1 0.498108 0.315577 0.655436 0.020091 0.002135
1 0.499007 0.360493 0.653639 0.020648 0.002135
1 0.497499 0.396746 0.655436 0.020964 0.002135
1 0.495636 0.444008 0.653132 0.020091 0.002135
1 0.500180 0.492672 0.653409 0.020091 0.002135
1 0.496825 0.537110 0.655885 0.019868 0.002135
1 0.498144 0.576758 0.658638 0.019013 0.002135
1 0.495383 0.617090 0.657233 0.020964 0.002135
1 0.497724 0.656524 0.654987 0.020091 0.002135
1 0.498782 0.708430 0.655885 0.021838 0.002135
1 0.498108 0.752641 0.653639 0.017767 0.002135
1 0.494180 0.793210 0.652910 0.016461 0.002135
1 0.493122 0.840741 0.657143 0.018519 0.002135
1 0.495238 0.880967 0.652910 0.016461 0.002135
