1 0.499999 0.278184 0.656783 0.020528 0.807072
1 0.501368 0.317569 0.656105 0.020425 0.807072
1 0.502239 0.363363 0.655436 0.020091 0.807072
1 0.500629 0.403904 0.654308 0.018344 0.807072
1 0.503464 0.448453 0.657682 0.020091 0.807072
1 0.503137 0.489945 0.656220 0.017470 0.807072
1 0.503963 0.536082 0.655436 0.019217 0.807072
1 0.502398 0.577908 0.655436 0.020091 0.807072
1 0.503529 0.622904 0.658131 0.020964 0.807072
1 0.501283 0.661256 0.655436 0.020091 0.807072
1 0.499007 0.706172 0.653639 0.020648 0.807072
1 0.501732 0.748598 0.655436 0.020964 0.807072
1 0.501985 0.787629 0.653132 0.020091 0.807072
1 0.504412 0.838351 0.653409 0.020091 0.807072
1 0.504233 0.876616 0.655885 0.019868 0.807072
1 0.501319 0.922437 0.658638 0.019013 0.807072
1 0.499840 0.020104 0.654987 0.020091 0.807072
1 0.500898 0.063163 0.655885 0.021838 0.807072
1 0.503399 0.106550 0.653639 0.017767 0.807072
1 0.498413 0.148251 0.652910 0.016461 0.807072
1 0.503704 0.192593 0.657143 0.018519 0.807072
1 0.503704 0.234877 0.652910 0.016461 0.807072
1 0.502646 0.963272 0.657143 0.016461 0.807072
