1 0.501057 0.292588 0.656783 0.020528 0.842997
1 0.499251 0.336087 0.656105 0.020425 0.842997
1 0.500122 0.379824 0.655436 0.020091 0.842997
1 0.501687 0.420365 0.654308 0.018344 0.842997
1 0.502406 0.464914 0.657682 0.020091 0.842997
1 0.499963 0.510521 0.656220 0.017470 0.842997
1 0.499730 0.552543 0.655436 0.019217 0.842997
1 0.502398 0.598484 0.655436 0.020091 0.842997
1 0.501413 0.643480 0.658131 0.020964 0.842997
1 0.500225 0.681832 0.655436 0.020091 0.842997
1 0.501123 0.728805 0.653639 0.020648 0.842997
1 0.501732 0.769174 0.655436 0.020964 0.842997
1 0.498811 0.814378 0.653132 0.020091 0.842997
1 0.499121 0.854812 0.653409 0.020091 0.842997
1 0.501058 0.901307 0.655885 0.019868 0.842997
1 0.501319 0.945071 0.658638 0.019013 0.842997
1 0.503015 0.040886 0.654987 0.020091 0.842997
1 0.499840 0.077566 0.655885 0.021838 0.842997
1 0.499166 0.127127 0.653639 0.017767 0.842997
1 0.499471 0.172942 0.652910 0.016461 0.842997
1 0.502646 0.211111 0.657143 0.018519 0.842997
1 0.499471 0.251337 0.652910 0.016461 0.842997
1 0.496825 0.987757 0.649735 0.024691 0.842997
