1 0.505131 0.025098 0.656783 0.020528 0.001724
1 0.503484 0.062425 0.656105 0.020425 0.001724
1 0.501180 0.102047 0.655436 0.020091 0.001724
1 0.500629 0.148760 0.654308 0.018344 0.001724
1 0.502406 0.191251 0.657682 0.020091 0.001724
1 0.502079 0.243031 0.656220 0.017470 0.001724
1 0.502905 0.278880 0.655436 0.019217 0.001724
1 0.500282 0.320707 0.655436 0.020091 0.001724
1 0.501413 0.369817 0.658131 0.020964 0.001724
1 0.501283 0.408170 0.655436 0.020091 0.001724
1 0.500065 0.451028 0.653639 0.020648 0.001724
1 0.499616 0.501685 0.655436 0.020964 0.001724
1 0.498811 0.540716 0.653132 0.020091 0.001724
1 0.500180 0.585265 0.653409 0.020091 0.001724
1 0.498942 0.625587 0.655885 0.019868 0.001724
1 0.501319 0.669351 0.658638 0.019013 0.001724
1 0.499616 0.713798 0.657233 0.020964 0.001724
1 0.501957 0.749117 0.654987 0.020091 0.001724
1 0.499840 0.794850 0.655885 0.021838 0.001724
1 0.498108 0.837003 0.653639 0.017767 0.001724
1 0.498413 0.885802 0.652910 0.016461 0.001724
1 0.499471 0.933333 0.657143 0.018519 0.001724
1 0.498413 0.971502 0.652910 0.016461 0.001724
