1 0.501057 0.278184 0.656783 0.020528 0.839005
1 0.499251 0.323742 0.656105 0.020425 0.839005
1 0.501180 0.363363 0.655436 0.020091 0.839005
1 0.501687 0.412134 0.654308 0.018344 0.839005
1 0.502406 0.452568 0.657682 0.020091 0.839005
1 0.499963 0.498175 0.656220 0.017470 0.839005
1 0.499730 0.540197 0.655436 0.019217 0.839005
1 0.502398 0.577908 0.655436 0.020091 0.839005
1 0.501413 0.624961 0.658131 0.020964 0.839005
1 0.500225 0.665371 0.655436 0.020091 0.839005
1 0.501123 0.708229 0.653639 0.020648 0.839005
1 0.501732 0.750656 0.655436 0.020964 0.839005
1 0.498811 0.795860 0.653132 0.020091 0.839005
1 0.498063 0.838351 0.653409 0.020091 0.839005
1 0.502116 0.880731 0.655885 0.019868 0.839005
1 0.501319 0.928610 0.658638 0.019013 0.839005
1 0.500898 0.024425 0.654987 0.020091 0.839005
1 0.503015 0.067278 0.655885 0.021838 0.839005
1 0.499166 0.110666 0.653639 0.017767 0.839005
1 0.499471 0.156481 0.652910 0.016461 0.839005
1 0.502646 0.198765 0.657143 0.018519 0.839005
1 0.499471 0.238992 0.652910 0.016461 0.839005
1 0.503175 0.969239 0.649735 0.024691 0.839005
