1 0.498942 0.111111 0.656085 0.018519 0.781792
1 0.496825 0.159465 0.649735 0.016461 0.781792
1 0.495238 0.201646 0.652910 0.018519 0.781792
1 0.494709 0.242798 0.653968 0.018519 0.781792
1 0.498413 0.283951 0.652910 0.018519 0.781792
1 0.494709 0.325103 0.649735 0.018519 0.781792
1 0.495767 0.369342 0.649735 0.020576 0.781792
1 0.496296 0.413580 0.652910 0.018519 0.781792
1 0.496825 0.458848 0.651852 0.018519 0.781792
1 0.494180 0.497942 0.650794 0.018519 0.781792
1 0.496296 0.541152 0.652910 0.018519 0.781792
1 0.493651 0.585391 0.649735 0.024691 0.781792
1 0.500000 0.626543 0.651852 0.024691 0.781792
1 0.497884 0.675926 0.651852 0.020576 0.781792
1 0.496296 0.713992 0.646561 0.018519 0.781792
1 0.501058 0.755144 0.656085 0.014403 0.781792
1 0.495238 0.799383 0.652910 0.020576 0.781792
1 0.499471 0.843621 0.652910 0.018519 0.781792
1 0.497884 0.888889 0.653968 0.018519 0.781792
1 0.501587 0.931070 0.655026 0.016461 0.781792
1 0.498413 0.975309 0.655026 0.022634 0.781792
1 0.500529 0.070988 0.657143 0.016461 0.781792
1 0.497884 0.031687 0.649735 0.020576 0.781792
