1 0.496825 0.113169 0.656085 0.018519 0.002527
1 0.494709 0.153292 0.649735 0.016461 0.002527
1 0.494180 0.191358 0.652910 0.018519 0.002527
1 0.496825 0.236626 0.653968 0.018519 0.002527
1 0.497354 0.277778 0.652910 0.018519 0.002527
1 0.497884 0.320988 0.649735 0.018519 0.002527
1 0.496825 0.367284 0.649735 0.020576 0.002527
1 0.497354 0.407407 0.652910 0.018519 0.002527
1 0.496825 0.458848 0.651852 0.018519 0.002527
1 0.498413 0.495885 0.650794 0.018519 0.002527
1 0.497354 0.539095 0.652910 0.018519 0.002527
1 0.496825 0.583333 0.649735 0.024691 0.002527
1 0.495767 0.622428 0.651852 0.024691 0.002527
1 0.495767 0.669753 0.651852 0.020576 0.002527
1 0.496296 0.713992 0.646561 0.018519 0.002527
1 0.497884 0.753086 0.656085 0.014403 0.002527
1 0.497354 0.795267 0.652910 0.020576 0.002527
1 0.497354 0.835391 0.652910 0.018519 0.002527
1 0.497884 0.876543 0.653968 0.018519 0.002527
1 0.499471 0.922840 0.655026 0.016461 0.002527
1 0.494180 0.970165 0.650794 0.020576 0.002527
1 0.495767 0.069959 0.653968 0.026749 0.002527
0 0.495767 0.025514 0.649735 0.020576 0.002527
