1 0.499999 0.218514 0.656783 0.020528 0.724579
1 0.502426 0.257898 0.656105 0.020425 0.724579
1 0.500122 0.297520 0.655436 0.020091 0.724579
1 0.503803 0.342175 0.654308 0.018344 0.724579
1 0.503464 0.384667 0.657682 0.020091 0.724579
1 0.501021 0.426159 0.656220 0.017470 0.724579
1 0.498672 0.474353 0.655436 0.019217 0.724579
1 0.502398 0.520295 0.655436 0.020091 0.724579
1 0.501413 0.565290 0.658131 0.020964 0.724579
1 0.501283 0.605700 0.655436 0.020091 0.724579
1 0.500065 0.646501 0.653639 0.020648 0.724579
1 0.501732 0.688927 0.655436 0.020964 0.724579
1 0.500927 0.736189 0.653132 0.020091 0.724579
1 0.502296 0.778680 0.653409 0.020091 0.724579
1 0.502116 0.819003 0.655885 0.019868 0.724579
1 0.502377 0.860709 0.658638 0.019013 0.724579
1 0.503848 0.898983 0.657233 0.020964 0.724579
1 0.504073 0.947471 0.654987 0.020091 0.724579
0 0.503574 0.010381 0.659000 0.021830 0.724579
1 0.502341 0.048937 0.653639 0.017767 0.724579
1 0.502646 0.082407 0.652910 0.016461 0.724579
1 0.503704 0.130864 0.657143 0.018519 0.724579
1 0.500529 0.175206 0.652910 0.016461 0.724579
1 0.502116 0.988786 0.651852 0.022634 0.724579
