1 0.494708 0.298761 0.656783 0.020528 0.003439
1 0.497135 0.342260 0.656105 0.020425 0.003439
1 0.494831 0.385997 0.655436 0.020091 0.003439
1 0.497454 0.428595 0.654308 0.018344 0.003439
1 0.499231 0.466971 0.657682 0.020091 0.003439
1 0.497846 0.512579 0.656220 0.017470 0.003439
1 0.496556 0.550485 0.655436 0.019217 0.003439
1 0.497107 0.594369 0.655436 0.020091 0.003439
1 0.499296 0.637307 0.658131 0.020964 0.003439
1 0.493875 0.677717 0.655436 0.020091 0.003439
1 0.494774 0.730863 0.653639 0.020648 0.003439
1 0.499616 0.773290 0.655436 0.020964 0.003439
1 0.495636 0.814378 0.653132 0.020091 0.003439
1 0.495947 0.858927 0.653409 0.020091 0.003439
1 0.497884 0.895135 0.655885 0.019868 0.003439
1 0.498144 0.940956 0.658638 0.019013 0.003439
0 0.500674 0.981287 0.657233 0.020964 0.003439
1 0.495607 0.043561 0.654987 0.020091 0.003439
1 0.496666 0.083739 0.655885 0.021838 0.003439
1 0.494934 0.129184 0.653639 0.017767 0.003439
1 0.496296 0.170885 0.652910 0.016461 0.003439
1 0.499471 0.213169 0.657143 0.018519 0.003439
1 0.494180 0.257510 0.652910 0.016461 0.003439
