1 0.497883 0.218514 0.656783 0.020528 0.638094
1 0.496077 0.255841 0.656105 0.020425 0.638094
1 0.498006 0.297520 0.655436 0.020091 0.638094
1 0.500629 0.342175 0.654308 0.018344 0.638094
1 0.500290 0.386725 0.657682 0.020091 0.638094
1 0.498904 0.428216 0.656220 0.017470 0.638094
1 0.496556 0.472296 0.655436 0.019217 0.638094
1 0.498166 0.516180 0.655436 0.020091 0.638094
1 0.500354 0.555002 0.658131 0.020964 0.638094
1 0.498108 0.599528 0.655436 0.020091 0.638094
1 0.497948 0.642386 0.653639 0.020648 0.638094
1 0.498557 0.688927 0.655436 0.020964 0.638094
1 0.497753 0.732074 0.653132 0.020091 0.638094
1 0.494889 0.770450 0.653409 0.020091 0.638094
1 0.497884 0.812830 0.655885 0.019868 0.638094
1 0.499203 0.858651 0.658638 0.019013 0.638094
1 0.499616 0.901040 0.657233 0.020964 0.638094
1 0.497724 0.944796 0.654987 0.020091 0.638094
1 0.500898 0.984974 0.655885 0.021838 0.638094
1 0.500225 0.042764 0.653639 0.017767 0.638094
1 0.499471 0.082407 0.652910 0.016461 0.638094
1 0.498413 0.130864 0.657143 0.018519 0.638094
1 0.495238 0.173148 0.652910 0.016461 0.638094
