1 0.498941 0.269954 0.656783 0.020528 0.871603
1 0.497135 0.315511 0.656105 0.020425 0.871603
1 0.501180 0.359248 0.655436 0.020091 0.871603
1 0.497454 0.399788 0.654308 0.018344 0.871603
1 0.497115 0.446395 0.657682 0.020091 0.871603
1 0.497846 0.489945 0.656220 0.017470 0.871603
1 0.496556 0.531967 0.655436 0.019217 0.871603
1 0.496049 0.575851 0.655436 0.020091 0.871603
1 0.498238 0.614673 0.658131 0.020964 0.871603
1 0.495992 0.657141 0.655436 0.020091 0.871603
1 0.494774 0.699999 0.653639 0.020648 0.871603
1 0.497499 0.746541 0.655436 0.020964 0.871603
1 0.497753 0.789687 0.653132 0.020091 0.871603
1 0.501238 0.836294 0.653409 0.020091 0.871603
1 0.501058 0.874558 0.655885 0.019868 0.871603
1 0.501319 0.920379 0.658638 0.019013 0.871603
1 0.502790 0.962769 0.657233 0.020964 0.871603
1 0.500898 0.017327 0.654987 0.020091 0.871603
1 0.498782 0.056990 0.655885 0.021838 0.871603
1 0.498108 0.100378 0.653639 0.017767 0.871603
1 0.497354 0.144136 0.652910 0.016461 0.871603
1 0.498413 0.188477 0.657143 0.018519 0.871603
1 0.496296 0.228704 0.652910 0.016461 0.871603
