1 0.502115 0.208226 0.656783 0.020528 0.709943
1 0.502426 0.255841 0.656105 0.020425 0.709943
1 0.506471 0.299577 0.655436 0.020091 0.709943
1 0.503803 0.340118 0.654308 0.018344 0.709943
1 0.502406 0.380552 0.657682 0.020091 0.709943
1 0.499963 0.424101 0.656220 0.017470 0.709943
1 0.501847 0.470238 0.655436 0.019217 0.709943
1 0.503457 0.510007 0.655436 0.020091 0.709943
1 0.502471 0.557060 0.658131 0.020964 0.709943
1 0.499166 0.601585 0.655436 0.020091 0.709943
1 0.499007 0.642386 0.653639 0.020648 0.709943
1 0.499616 0.684812 0.655436 0.020964 0.709943
1 0.504102 0.730016 0.653132 0.020091 0.709943
1 0.503354 0.766335 0.653409 0.020091 0.709943
1 0.501058 0.810772 0.655885 0.019868 0.709943
1 0.500261 0.860709 0.658638 0.019013 0.709943
1 0.500674 0.898983 0.657233 0.020964 0.709943
1 0.497724 0.941298 0.654987 0.020091 0.709943
1 0.498108 0.036592 0.653639 0.017767 0.709943
1 0.500529 0.080350 0.652910 0.016461 0.709943
1 0.505820 0.124691 0.657143 0.018519 0.709943
1 0.501587 0.166975 0.652910 0.016461 0.709943
1 0.495767 0.988786 0.651852 0.022634 0.709943
