1 0.501057 0.232917 0.656783 0.020528 0.915511
1 0.501368 0.278474 0.656105 0.020425 0.915511
1 0.498006 0.320154 0.655436 0.020091 0.915511
1 0.498512 0.366867 0.654308 0.018344 0.915511
1 0.497115 0.409358 0.657682 0.020091 0.915511
1 0.498904 0.452908 0.656220 0.017470 0.915511
1 0.496556 0.496987 0.655436 0.019217 0.915511
1 0.498166 0.540871 0.655436 0.020091 0.915511
1 0.496122 0.579694 0.658131 0.020964 0.915511
1 0.494934 0.622161 0.655436 0.020091 0.915511
1 0.494774 0.665019 0.653639 0.020648 0.915511
1 0.495383 0.707446 0.655436 0.020964 0.915511
1 0.497753 0.752650 0.653132 0.020091 0.915511
1 0.499121 0.795141 0.653409 0.020091 0.915511
1 0.497884 0.839579 0.655885 0.019868 0.915511
1 0.501319 0.881285 0.658638 0.019013 0.915511
1 0.499616 0.925732 0.657233 0.020964 0.915511
1 0.501957 0.969487 0.654987 0.020091 0.915511
1 0.500898 0.022011 0.655885 0.021838 0.915511
1 0.502341 0.061283 0.653639 0.017767 0.915511
1 0.496296 0.105041 0.652910 0.016461 0.915511
1 0.498413 0.151440 0.657143 0.018519 0.915511
1 0.498413 0.189609 0.652910 0.016461 0.915511
