1 0.501057 0.280242 0.656783 0.020528 0.845658
1 0.499251 0.319627 0.656105 0.020425 0.845658
1 0.501180 0.365421 0.655436 0.020091 0.845658
1 0.501687 0.403904 0.654308 0.018344 0.845658
1 0.502406 0.450511 0.657682 0.020091 0.845658
1 0.499963 0.494060 0.656220 0.017470 0.845658
1 0.498672 0.536082 0.655436 0.019217 0.845658
1 0.500282 0.579966 0.655436 0.020091 0.845658
1 0.503529 0.618788 0.658131 0.020964 0.845658
1 0.500225 0.667429 0.655436 0.020091 0.845658
1 0.501123 0.712344 0.653639 0.020648 0.845658
1 0.501732 0.754771 0.655436 0.020964 0.845658
1 0.499869 0.793802 0.653132 0.020091 0.845658
1 0.498063 0.834236 0.653409 0.020091 0.845658
1 0.500000 0.878674 0.655885 0.019868 0.845658
1 0.501319 0.922437 0.658638 0.019013 0.845658
1 0.500898 0.020310 0.654987 0.020091 0.845658
1 0.499840 0.065221 0.655885 0.021838 0.845658
1 0.498108 0.106550 0.653639 0.017767 0.845658
1 0.498413 0.148251 0.652910 0.016461 0.845658
1 0.502646 0.192593 0.657143 0.018519 0.845658
1 0.499471 0.236934 0.652910 0.016461 0.845658
1 0.497884 0.970165 0.649735 0.024691 0.845658
