1 0.499999 0.241147 0.656783 0.020528 0.876926
1 0.497135 0.288762 0.656105 0.020425 0.876926
1 0.501180 0.332499 0.655436 0.020091 0.876926
1 0.497454 0.373039 0.654308 0.018344 0.876926
1 0.501348 0.419646 0.657682 0.020091 0.876926
1 0.498904 0.457023 0.656220 0.017470 0.876926
1 0.497614 0.503160 0.655436 0.019217 0.876926
1 0.498166 0.547044 0.655436 0.020091 0.876926
1 0.498238 0.585867 0.658131 0.020964 0.876926
1 0.498108 0.632449 0.655436 0.020091 0.876926
1 0.494774 0.677365 0.653639 0.020648 0.876926
1 0.498557 0.715676 0.655436 0.020964 0.876926
1 0.498811 0.762938 0.653132 0.020091 0.876926
1 0.500180 0.801314 0.653409 0.020091 0.876926
1 0.501058 0.845752 0.655885 0.019868 0.876926
1 0.501319 0.891573 0.658638 0.019013 0.876926
1 0.502790 0.933962 0.657233 0.020964 0.876926
1 0.504073 0.980392 0.654987 0.020091 0.876926
1 0.498782 0.032299 0.655885 0.021838 0.876926
1 0.497050 0.075686 0.653639 0.017767 0.876926
1 0.497354 0.117387 0.652910 0.016461 0.876926
1 0.500529 0.159671 0.657143 0.018519 0.876926
1 0.496296 0.195782 0.652910 0.016461 0.876926
