1 0.501057 0.142382 0.656783 0.020528 0.001370
1 0.501368 0.194112 0.656105 0.020425 0.001370
1 0.502239 0.233734 0.655436 0.020091 0.001370
1 0.501687 0.274274 0.654308 0.018344 0.001370
1 0.501348 0.318823 0.657682 0.020091 0.001370
1 0.503137 0.356200 0.656220 0.017470 0.001370
1 0.499730 0.398222 0.655436 0.019217 0.001370
1 0.502398 0.444163 0.655436 0.020091 0.001370
1 0.501413 0.482986 0.658131 0.020964 0.001370
1 0.501283 0.531626 0.655436 0.020091 0.001370
1 0.500065 0.570369 0.653639 0.020648 0.001370
1 0.497499 0.616911 0.655436 0.020964 0.001370
1 0.498811 0.662115 0.653132 0.020091 0.001370
1 0.500180 0.706664 0.653409 0.020091 0.001370
1 0.503175 0.749044 0.655885 0.019868 0.001370
1 0.502377 0.796923 0.658638 0.019013 0.001370
1 0.499616 0.831082 0.657233 0.020964 0.001370
1 0.499840 0.872574 0.654987 0.020091 0.001370
1 0.495607 0.918307 0.655885 0.021838 0.001370
1 0.498108 0.960460 0.653639 0.017767 0.001370
0 0.498413 0.018621 0.652910 0.016461 0.001370
1 0.499471 0.058848 0.657143 0.018519 0.001370
1 0.497354 0.099074 0.652910 0.016461 0.001370
