0 0.497614 0.024071 0.655206 0.018985 0.000997
1 0.503015 0.051435 0.656783 0.020528 0.000997
1 0.501368 0.089174 0.656105 0.020425 0.000997
1 0.498006 0.134968 0.655436 0.020091 0.000997
1 0.497454 0.173451 0.654308 0.018344 0.000997
1 0.501348 0.222115 0.657682 0.020091 0.000997
1 0.503137 0.261550 0.656220 0.017470 0.000997
1 0.498672 0.307687 0.655436 0.019217 0.000997
1 0.501340 0.351571 0.655436 0.020091 0.000997
1 0.502471 0.390393 0.658131 0.020964 0.000997
1 0.500225 0.432861 0.655436 0.020091 0.000997
1 0.501123 0.486007 0.653639 0.020648 0.000997
1 0.498557 0.530491 0.655436 0.020964 0.000997
1 0.495636 0.573637 0.653132 0.020091 0.000997
1 0.498063 0.609956 0.653409 0.020091 0.000997
1 0.497884 0.652336 0.655885 0.019868 0.000997
1 0.500261 0.698157 0.658638 0.019013 0.000997
1 0.500674 0.734374 0.657233 0.020964 0.000997
1 0.498782 0.777923 0.654987 0.020091 0.000997
1 0.498782 0.825714 0.655885 0.021838 0.000997
1 0.498108 0.869925 0.653639 0.017767 0.000997
1 0.498413 0.910494 0.652910 0.016461 0.000997
1 0.500529 0.953909 0.657143 0.018519 0.000997
0 0.501587 0.988683 0.652910 0.016461 0.000997
