1 0.501057 0.187649 0.656783 0.020528 0.710609
1 0.500309 0.229092 0.656105 0.020425 0.710609
1 0.500122 0.272828 0.655436 0.020091 0.710609
1 0.503803 0.311311 0.654308 0.018344 0.710609
1 0.500290 0.349687 0.657682 0.020091 0.710609
1 0.501021 0.397352 0.656220 0.017470 0.710609
1 0.502905 0.439374 0.655436 0.019217 0.710609
1 0.503457 0.485316 0.655436 0.020091 0.710609
1 0.502471 0.526196 0.658131 0.020964 0.710609
1 0.498108 0.568663 0.655436 0.020091 0.710609
1 0.499007 0.611521 0.653639 0.020648 0.710609
1 0.499616 0.653948 0.655436 0.020964 0.710609
1 0.503044 0.699152 0.653132 0.020091 0.710609
1 0.501238 0.741643 0.653409 0.020091 0.710609
1 0.501058 0.779908 0.655885 0.019868 0.710609
1 0.500261 0.825729 0.658638 0.019013 0.710609
1 0.502790 0.872234 0.657233 0.020964 0.710609
1 0.496666 0.914549 0.654987 0.020091 0.710609
1 0.497050 0.018073 0.653639 0.017767 0.710609
1 0.499471 0.055658 0.652910 0.016461 0.710609
1 0.503704 0.097942 0.657143 0.018519 0.710609
1 0.501587 0.140226 0.652910 0.016461 0.710609
1 0.502116 0.960082 0.651852 0.022634 0.710609
