1 0.503174 0.290530 0.656783 0.020528 0.820378
1 0.500309 0.329915 0.656105 0.020425 0.820378
1 0.502239 0.373652 0.655436 0.020091 0.820378
1 0.502745 0.418307 0.654308 0.018344 0.820378
1 0.502406 0.464914 0.657682 0.020091 0.820378
1 0.498904 0.506406 0.656220 0.017470 0.820378
1 0.502905 0.548427 0.655436 0.019217 0.820378
1 0.501340 0.590254 0.655436 0.020091 0.820378
1 0.503529 0.631134 0.658131 0.020964 0.820378
1 0.498108 0.679775 0.655436 0.020091 0.820378
1 0.499007 0.726748 0.653639 0.020648 0.820378
1 0.500674 0.763002 0.655436 0.020964 0.820378
1 0.501985 0.806148 0.653132 0.020091 0.820378
1 0.501238 0.850697 0.653409 0.020091 0.820378
1 0.501058 0.893077 0.655885 0.019868 0.820378
1 0.504494 0.936840 0.658638 0.019013 0.820378
1 0.499840 0.032656 0.654987 0.020091 0.820378
1 0.500898 0.071393 0.655885 0.021838 0.820378
1 0.497050 0.123011 0.653639 0.017767 0.820378
1 0.499471 0.166770 0.652910 0.016461 0.820378
1 0.501587 0.206996 0.657143 0.018519 0.820378
1 0.502646 0.251337 0.652910 0.016461 0.820378
1 0.503704 0.977675 0.657143 0.016461 0.820378
