1 0.498941 0.204110 0.656783 0.020528 0.949440
1 0.500309 0.249668 0.656105 0.020425 0.949440
1 0.498006 0.287232 0.655436 0.020091 0.949440
1 0.497454 0.336002 0.654308 0.018344 0.949440
1 0.498173 0.380552 0.657682 0.020091 0.949440
1 0.498904 0.419986 0.656220 0.017470 0.949440
1 0.498672 0.462008 0.655436 0.019217 0.949440
1 0.499224 0.507949 0.655436 0.020091 0.949440
1 0.499296 0.550887 0.658131 0.020964 0.949440
1 0.501283 0.593355 0.655436 0.020091 0.949440
1 0.497948 0.636213 0.653639 0.020648 0.949440
1 0.498557 0.676582 0.655436 0.020964 0.949440
1 0.497753 0.723843 0.653132 0.020091 0.949440
1 0.497005 0.766335 0.653409 0.020091 0.949440
1 0.501058 0.808715 0.655885 0.019868 0.949440
1 0.500261 0.854536 0.658638 0.019013 0.949440
1 0.498557 0.896925 0.657233 0.020964 0.949440
1 0.499840 0.940681 0.654987 0.020091 0.949440
1 0.495992 0.034534 0.653639 0.017767 0.949440
1 0.496296 0.080350 0.652910 0.016461 0.949440
1 0.497354 0.124691 0.657143 0.018519 0.949440
1 0.495238 0.164918 0.652910 0.016461 0.949440
1 0.500000 0.979424 0.651852 0.022634 0.949440
