0 0.497781 0.013067 0.658466 0.019533 0.000250
1 0.498006 0.040954 0.656334 0.022275 0.000250
1 0.500789 0.085799 0.655206 0.018985 0.000250
1 0.501957 0.129625 0.656783 0.020528 0.000250
1 0.502426 0.171478 0.656105 0.020425 0.000250
1 0.500122 0.217273 0.655436 0.020091 0.000250
1 0.498512 0.261928 0.654308 0.018344 0.000250
1 0.500290 0.306478 0.657682 0.020091 0.000250
1 0.501021 0.345912 0.656220 0.017470 0.000250
1 0.500789 0.389991 0.655436 0.019217 0.000250
1 0.500282 0.433875 0.655436 0.020091 0.000250
1 0.501413 0.478871 0.658131 0.020964 0.000250
1 0.495992 0.519281 0.655436 0.020091 0.000250
1 0.501123 0.562139 0.653639 0.020648 0.000250
1 0.498557 0.606623 0.655436 0.020964 0.000250
1 0.497753 0.647711 0.653132 0.020091 0.000250
1 0.497005 0.690203 0.653409 0.020091 0.000250
1 0.500000 0.734641 0.655885 0.019868 0.000250
1 0.501319 0.780462 0.658638 0.019013 0.000250
1 0.499616 0.820794 0.657233 0.020964 0.000250
1 0.500898 0.864343 0.654987 0.020091 0.000250
1 0.500898 0.910076 0.655885 0.021838 0.000250
1 0.500225 0.950172 0.653639 0.017767 0.000250
0 0.499471 0.986626 0.652910 0.016461 0.000250
