1 0.495607 0.981888 0.656783 0.020528 0.001804
1 0.500309 0.031561 0.656105 0.020425 0.001804
1 0.498006 0.073240 0.655436 0.020091 0.001804
1 0.495338 0.119953 0.654308 0.018344 0.001804
1 0.501348 0.166560 0.657682 0.020091 0.001804
1 0.498904 0.199821 0.656220 0.017470 0.001804
1 0.498672 0.241843 0.655436 0.019217 0.001804
1 0.501340 0.287785 0.655436 0.020091 0.001804
1 0.502471 0.330722 0.658131 0.020964 0.001804
1 0.501283 0.383478 0.655436 0.020091 0.001804
1 0.502181 0.422221 0.653639 0.020648 0.001804
1 0.499616 0.468763 0.655436 0.020964 0.001804
1 0.498811 0.509851 0.653132 0.020091 0.001804
1 0.498063 0.548228 0.653409 0.020091 0.001804
1 0.497884 0.586493 0.655885 0.019868 0.001804
1 0.501319 0.636429 0.658638 0.019013 0.001804
1 0.498557 0.680876 0.657233 0.020964 0.001804
1 0.494549 0.718253 0.654987 0.020091 0.001804
1 0.498782 0.763986 0.655885 0.021838 0.001804
1 0.493875 0.806139 0.653639 0.017767 0.001804
1 0.498413 0.848765 0.652910 0.016461 0.001804
1 0.496296 0.892181 0.657143 0.018519 0.001804
1 0.495238 0.936523 0.652910 0.016461 0.001804
