1 0.505290 0.311106 0.656783 0.020528 0.851645
1 0.500309 0.354606 0.656105 0.020425 0.851645
1 0.498006 0.392170 0.655436 0.020091 0.851645
1 0.501687 0.434768 0.654308 0.018344 0.851645
1 0.501348 0.479317 0.657682 0.020091 0.851645
1 0.499963 0.518751 0.656220 0.017470 0.851645
1 0.499730 0.562831 0.655436 0.019217 0.851645
1 0.499224 0.606715 0.655436 0.020091 0.851645
1 0.503529 0.645537 0.658131 0.020964 0.851645
1 0.501283 0.696235 0.655436 0.020091 0.851645
1 0.501123 0.734978 0.653639 0.020648 0.851645
1 0.501732 0.779462 0.655436 0.020964 0.851645
1 0.497753 0.826724 0.653132 0.020091 0.851645
1 0.501238 0.869215 0.653409 0.020091 0.851645
1 0.503175 0.913653 0.655885 0.019868 0.851645
1 0.501319 0.949186 0.658638 0.019013 0.851645
1 0.500898 0.053232 0.654987 0.020091 0.851645
1 0.499840 0.096085 0.655885 0.021838 0.851645
1 0.497050 0.139472 0.653639 0.017767 0.851645
1 0.499471 0.175000 0.652910 0.016461 0.851645
1 0.503704 0.215226 0.657143 0.018519 0.851645
1 0.500529 0.267798 0.652910 0.016461 0.851645
1 0.501587 0.012346 0.655026 0.018519 0.851645
0 0.496825 0.986626 0.649735 0.024691 0.851645
