1 0.499999 0.212341 0.656783 0.020528 0.658718
1 0.500309 0.259956 0.656105 0.020425 0.658718
1 0.501180 0.299577 0.655436 0.020091 0.658718
1 0.499571 0.350406 0.654308 0.018344 0.658718
1 0.499231 0.386725 0.657682 0.020091 0.658718
1 0.499963 0.430274 0.656220 0.017470 0.658718
1 0.498672 0.474353 0.655436 0.019217 0.658718
1 0.499224 0.518237 0.655436 0.020091 0.658718
1 0.501413 0.557060 0.658131 0.020964 0.658718
1 0.500225 0.601585 0.655436 0.020091 0.658718
1 0.497948 0.644443 0.653639 0.020648 0.658718
1 0.499616 0.688927 0.655436 0.020964 0.658718
1 0.498811 0.734131 0.653132 0.020091 0.658718
1 0.499121 0.778680 0.653409 0.020091 0.658718
1 0.497884 0.814888 0.655885 0.019868 0.658718
1 0.499203 0.856593 0.658638 0.019013 0.658718
1 0.499616 0.903098 0.657233 0.020964 0.658718
1 0.500898 0.948911 0.654987 0.020091 0.658718
1 0.499840 0.982916 0.655885 0.021838 0.658718
1 0.498108 0.044822 0.653639 0.017767 0.658718
1 0.499471 0.088580 0.652910 0.016461 0.658718
1 0.500529 0.128807 0.657143 0.018519 0.658718
1 0.500529 0.175206 0.652910 0.016461 0.658718
