1 0.502115 0.257608 0.656783 0.020528 0.996008
1 0.501368 0.296993 0.656105 0.020425 0.996008
1 0.496948 0.342787 0.655436 0.020091 0.996008
1 0.498512 0.389500 0.654308 0.018344 0.996008
1 0.502406 0.431992 0.657682 0.020091 0.996008
1 0.497846 0.471426 0.656220 0.017470 0.996008
1 0.499730 0.515506 0.655436 0.019217 0.996008
1 0.498166 0.561447 0.655436 0.020091 0.996008
1 0.497180 0.598212 0.658131 0.020964 0.996008
1 0.495992 0.642738 0.655436 0.020091 0.996008
1 0.500065 0.689711 0.653639 0.020648 0.996008
1 0.498557 0.734195 0.655436 0.020964 0.996008
1 0.498811 0.775283 0.653132 0.020091 0.996008
1 0.500180 0.815717 0.653409 0.020091 0.996008
1 0.500000 0.862213 0.655885 0.019868 0.996008
1 0.501319 0.908034 0.658638 0.019013 0.996008
1 0.504907 0.950423 0.657233 0.020964 0.996008
1 0.499840 0.990578 0.654987 0.020091 0.996008
1 0.500898 0.046702 0.655885 0.021838 0.996008
1 0.501283 0.088032 0.653639 0.017767 0.996008
1 0.496296 0.125617 0.652910 0.016461 0.996008
1 0.497354 0.172016 0.657143 0.018519 0.996008
1 0.499471 0.214300 0.652910 0.016461 0.996008
