1 0.499999 0.257608 0.656783 0.020528 0.880252
1 0.497135 0.296993 0.656105 0.020425 0.880252
1 0.501180 0.342787 0.655436 0.020091 0.880252
1 0.496396 0.387443 0.654308 0.018344 0.880252
1 0.500290 0.423762 0.657682 0.020091 0.880252
1 0.497846 0.469369 0.656220 0.017470 0.880252
1 0.496556 0.511390 0.655436 0.019217 0.880252
1 0.497107 0.553217 0.655436 0.020091 0.880252
1 0.498238 0.600270 0.658131 0.020964 0.880252
1 0.498108 0.644795 0.655436 0.020091 0.880252
1 0.494774 0.685596 0.653639 0.020648 0.880252
1 0.498557 0.725965 0.655436 0.020964 0.880252
1 0.498811 0.769111 0.653132 0.020091 0.880252
1 0.500180 0.811602 0.653409 0.020091 0.880252
1 0.500000 0.853982 0.655885 0.019868 0.880252
1 0.501319 0.897746 0.658638 0.019013 0.880252
1 0.502790 0.942193 0.657233 0.020964 0.880252
1 0.504073 0.986565 0.654987 0.020091 0.880252
1 0.498782 0.044644 0.655885 0.021838 0.880252
1 0.497050 0.085974 0.653639 0.017767 0.880252
1 0.496296 0.125617 0.652910 0.016461 0.880252
1 0.500529 0.165844 0.657143 0.018519 0.880252
1 0.496296 0.214300 0.652910 0.016461 0.880252
