1 0.498942 0.088477 0.656085 0.018519 0.002810
1 0.495767 0.128601 0.649735 0.016461 0.002810
1 0.493122 0.170782 0.652910 0.018519 0.002810
1 0.496825 0.213992 0.653968 0.018519 0.002810
1 0.498413 0.253086 0.652910 0.018519 0.002810
1 0.497884 0.296296 0.649735 0.018519 0.002810
1 0.495767 0.340535 0.649735 0.020576 0.002810
1 0.497354 0.384774 0.652910 0.018519 0.002810
1 0.497884 0.427984 0.651852 0.018519 0.002810
1 0.496296 0.469136 0.650794 0.018519 0.002810
1 0.497354 0.510288 0.652910 0.018519 0.002810
1 0.495767 0.558642 0.649735 0.024691 0.002810
1 0.494709 0.599794 0.651852 0.024691 0.002810
1 0.496825 0.645062 0.651852 0.020576 0.002810
1 0.495238 0.683128 0.646561 0.018519 0.002810
1 0.497884 0.726337 0.656085 0.014403 0.002810
1 0.496296 0.776749 0.652910 0.020576 0.002810
1 0.497354 0.818930 0.652910 0.018519 0.002810
1 0.494709 0.864198 0.653968 0.018519 0.002810
1 0.497354 0.906379 0.655026 0.016461 0.002810
1 0.496296 0.947531 0.650794 0.020576 0.002810
1 0.495767 0.041152 0.653968 0.026749 0.002810
0 0.497884 0.990123 0.649735 0.020576 0.002810
