1 0.493651 0.109053 0.656085 0.018519 0.002650
1 0.491534 0.159465 0.649735 0.016461 0.002650
1 0.492063 0.199588 0.652910 0.018519 0.002650
1 0.495767 0.244856 0.653968 0.018519 0.002650
1 0.492063 0.283951 0.652910 0.018519 0.002650
1 0.493651 0.325103 0.649735 0.018519 0.002650
1 0.492593 0.369342 0.649735 0.020576 0.002650
1 0.494180 0.413580 0.652910 0.018519 0.002650
1 0.491534 0.454733 0.651852 0.018519 0.002650
1 0.492063 0.497942 0.650794 0.018519 0.002650
1 0.495238 0.543210 0.652910 0.018519 0.002650
1 0.493651 0.585391 0.649735 0.024691 0.002650
1 0.494709 0.628601 0.651852 0.024691 0.002650
1 0.500000 0.675926 0.651852 0.020576 0.002650
1 0.498413 0.759259 0.646561 0.018519 0.002650
1 0.502116 0.715021 0.656085 0.024691 0.002650
1 0.502646 0.797325 0.652910 0.020576 0.002650
1 0.498413 0.845679 0.652910 0.018519 0.002650
1 0.501058 0.890947 0.653968 0.018519 0.002650
1 0.502646 0.929012 0.655026 0.016461 0.002650
1 0.500529 0.974280 0.650794 0.020576 0.002650
1 0.494709 0.069959 0.653968 0.026749 0.002650
1 0.490476 0.023045 0.649735 0.020576 0.002650
