1 0.498942 0.076132 0.656085 0.018519 0.678676
1 0.496825 0.114198 0.649735 0.016461 0.678676
1 0.498413 0.158436 0.652910 0.018519 0.678676
1 0.495767 0.203704 0.653968 0.018519 0.678676
1 0.496296 0.248971 0.652910 0.018519 0.678676
1 0.498942 0.288066 0.649735 0.018519 0.678676
1 0.497884 0.332305 0.649735 0.020576 0.678676
1 0.501587 0.376543 0.652910 0.018519 0.678676
1 0.498942 0.417695 0.651852 0.018519 0.678676
1 0.499471 0.458848 0.650794 0.018519 0.678676
1 0.499471 0.500000 0.652910 0.018519 0.678676
1 0.497884 0.548354 0.649735 0.024691 0.678676
1 0.496825 0.591564 0.651852 0.024691 0.678676
1 0.494709 0.630658 0.651852 0.020576 0.678676
1 0.497354 0.676955 0.646561 0.018519 0.678676
1 0.498942 0.718107 0.656085 0.014403 0.678676
1 0.501587 0.760288 0.652910 0.020576 0.678676
1 0.497354 0.806584 0.652910 0.018519 0.678676
1 0.498942 0.849794 0.653968 0.018519 0.678676
1 0.502646 0.887860 0.655026 0.016461 0.678676
1 0.501587 0.933128 0.650794 0.020576 0.678676
1 0.495767 0.028807 0.653968 0.026749 0.678676
1 0.498942 0.973868 0.649735 0.020576 0.678676
