0 0.499840 0.025098 0.656783 0.020528 0.001733
1 0.502426 0.066540 0.656105 0.020425 0.001733
1 0.501180 0.102047 0.655436 0.020091 0.001733
1 0.500629 0.146702 0.654308 0.018344 0.001733
1 0.502406 0.187136 0.657682 0.020091 0.001733
1 0.501021 0.232743 0.656220 0.017470 0.001733
1 0.502905 0.276822 0.655436 0.019217 0.001733
1 0.501340 0.320707 0.655436 0.020091 0.001733
1 0.501413 0.361587 0.658131 0.020964 0.001733
1 0.501283 0.404054 0.655436 0.020091 0.001733
1 0.500065 0.453085 0.653639 0.020648 0.001733
1 0.499616 0.489339 0.655436 0.020964 0.001733
1 0.498811 0.532485 0.653132 0.020091 0.001733
1 0.500180 0.579092 0.653409 0.020091 0.001733
1 0.498942 0.621472 0.655885 0.019868 0.001733
1 0.500261 0.665235 0.658638 0.019013 0.001733
1 0.499616 0.709682 0.657233 0.020964 0.001733
1 0.501957 0.755290 0.654987 0.020091 0.001733
1 0.499840 0.792793 0.655885 0.021838 0.001733
1 0.498108 0.837003 0.653639 0.017767 0.001733
1 0.498413 0.881687 0.652910 0.016461 0.001733
1 0.500529 0.920988 0.657143 0.018519 0.001733
1 0.497354 0.965329 0.652910 0.016461 0.001733
