1 0.499999 0.304933 0.656783 0.020528 0.864285
1 0.500309 0.352548 0.656105 0.020425 0.864285
1 0.501180 0.392170 0.655436 0.020091 0.864285
1 0.497454 0.436825 0.654308 0.018344 0.864285
1 0.499231 0.479317 0.657682 0.020091 0.864285
1 0.499963 0.522867 0.656220 0.017470 0.864285
1 0.499730 0.566946 0.655436 0.019217 0.864285
1 0.499224 0.604657 0.655436 0.020091 0.864285
1 0.501413 0.649653 0.658131 0.020964 0.864285
1 0.499166 0.696235 0.655436 0.020091 0.864285
1 0.497948 0.734978 0.653639 0.020648 0.864285
1 0.499616 0.779462 0.655436 0.020964 0.864285
1 0.497753 0.824666 0.653132 0.020091 0.864285
1 0.501238 0.865100 0.653409 0.020091 0.864285
1 0.502116 0.909538 0.655885 0.019868 0.864285
1 0.502377 0.953301 0.658638 0.019013 0.864285
1 0.501732 0.990238 0.657233 0.020964 0.864285
1 0.500898 0.049117 0.654987 0.020091 0.864285
1 0.499840 0.091969 0.655885 0.021838 0.864285
1 0.498108 0.131242 0.653639 0.017767 0.864285
1 0.499471 0.179115 0.652910 0.016461 0.864285
1 0.501587 0.219342 0.657143 0.018519 0.864285
1 0.500529 0.259568 0.652910 0.016461 0.864285
