1 0.502115 0.216456 0.656783 0.020528 0.699299
1 0.501368 0.257898 0.656105 0.020425 0.699299
1 0.503297 0.303693 0.655436 0.020091 0.699299
1 0.502745 0.346290 0.654308 0.018344 0.699299
1 0.502406 0.386725 0.657682 0.020091 0.699299
1 0.501021 0.430274 0.656220 0.017470 0.699299
1 0.497614 0.478469 0.655436 0.019217 0.699299
1 0.498166 0.518237 0.655436 0.020091 0.699299
1 0.501413 0.561175 0.658131 0.020964 0.699299
1 0.500225 0.601585 0.655436 0.020091 0.699299
1 0.500065 0.646501 0.653639 0.020648 0.699299
1 0.501732 0.688927 0.655436 0.020964 0.699299
1 0.500927 0.732074 0.653132 0.020091 0.699299
1 0.500180 0.774565 0.653409 0.020091 0.699299
1 0.500000 0.816945 0.655885 0.019868 0.699299
1 0.500261 0.860709 0.658638 0.019013 0.699299
1 0.501732 0.905156 0.657233 0.020964 0.699299
1 0.500898 0.947471 0.654987 0.020091 0.699299
1 0.498108 0.044822 0.653639 0.017767 0.699299
1 0.501587 0.090638 0.652910 0.016461 0.699299
1 0.503704 0.132922 0.657143 0.018519 0.699299
1 0.502646 0.173148 0.652910 0.016461 0.699299
1 0.502116 0.990535 0.653968 0.020165 0.699299
0 0.498413 0.011677 0.652910 0.019856 0.699299
