1 0.498942 0.164609 0.656085 0.018519 0.002966
1 0.500000 0.202675 0.649735 0.016461 0.002966
1 0.498413 0.244856 0.652910 0.018519 0.002966
1 0.496825 0.292181 0.653968 0.018519 0.002966
1 0.498413 0.335391 0.652910 0.018519 0.002966
1 0.495767 0.378601 0.649735 0.018519 0.002966
1 0.495767 0.416667 0.649735 0.020576 0.002966
1 0.497354 0.460905 0.652910 0.018519 0.002966
1 0.494709 0.500000 0.651852 0.018519 0.002966
1 0.496296 0.549383 0.650794 0.018519 0.002966
1 0.499471 0.592593 0.652910 0.018519 0.002966
1 0.498942 0.636831 0.649735 0.024691 0.002966
1 0.502116 0.677984 0.651852 0.024691 0.002966
1 0.503175 0.721193 0.651852 0.020576 0.002966
1 0.500529 0.804527 0.646561 0.018519 0.002966
1 0.503175 0.764403 0.656085 0.024691 0.002966
1 0.501587 0.846708 0.652910 0.020576 0.002966
1 0.502646 0.893004 0.652910 0.018519 0.002966
1 0.503175 0.938272 0.653968 0.018519 0.002966
1 0.505820 0.979424 0.655026 0.016461 0.002966
1 0.495238 0.036214 0.650794 0.020576 0.002966
1 0.494709 0.117284 0.653968 0.026749 0.002966
1 0.493651 0.078601 0.649735 0.020576 0.002966
