1 0.502115 0.247320 0.656783 0.020528 0.729236
1 0.502426 0.292878 0.656105 0.020425 0.729236
1 0.500122 0.332499 0.655436 0.020091 0.729236
1 0.502745 0.381270 0.654308 0.018344 0.729236
1 0.503464 0.419646 0.657682 0.020091 0.729236
1 0.503137 0.465254 0.656220 0.017470 0.729236
1 0.499730 0.511390 0.655436 0.019217 0.729236
1 0.503457 0.551159 0.655436 0.020091 0.729236
1 0.501413 0.592039 0.658131 0.020964 0.729236
1 0.501283 0.636565 0.655436 0.020091 0.729236
1 0.501123 0.679423 0.653639 0.020648 0.729236
1 0.501732 0.725965 0.655436 0.020964 0.729236
1 0.501985 0.767053 0.653132 0.020091 0.729236
1 0.502296 0.809545 0.653409 0.020091 0.729236
1 0.502116 0.847810 0.655885 0.019868 0.729236
1 0.501319 0.899803 0.658638 0.019013 0.729236
1 0.500674 0.942193 0.657233 0.020964 0.729236
1 0.499840 0.984508 0.654987 0.020091 0.729236
1 0.501957 0.032299 0.655885 0.021838 0.729236
1 0.502341 0.077744 0.653639 0.017767 0.729236
1 0.502646 0.125617 0.652910 0.016461 0.729236
1 0.504762 0.167901 0.657143 0.018519 0.729236
1 0.500529 0.206070 0.652910 0.016461 0.729236
