1 0.498942 0.100823 0.656085 0.018519 0.002385
1 0.495767 0.143004 0.649735 0.016461 0.002385
1 0.493122 0.189300 0.652910 0.018519 0.002385
1 0.493651 0.234568 0.653968 0.018519 0.002385
1 0.498413 0.277778 0.652910 0.018519 0.002385
1 0.494709 0.318930 0.649735 0.018519 0.002385
1 0.495767 0.363169 0.649735 0.020576 0.002385
1 0.494180 0.405350 0.652910 0.018519 0.002385
1 0.496825 0.444444 0.651852 0.018519 0.002385
1 0.495238 0.487654 0.650794 0.018519 0.002385
1 0.495238 0.528807 0.652910 0.018519 0.002385
1 0.494709 0.575103 0.649735 0.024691 0.002385
1 0.493651 0.620370 0.651852 0.024691 0.002385
1 0.496825 0.669753 0.651852 0.020576 0.002385
1 0.496296 0.705761 0.646561 0.018519 0.002385
1 0.501058 0.746914 0.656085 0.014403 0.002385
1 0.498413 0.791152 0.652910 0.020576 0.002385
1 0.497354 0.835391 0.652910 0.018519 0.002385
1 0.495767 0.878601 0.653968 0.018519 0.002385
1 0.499471 0.926955 0.655026 0.016461 0.002385
1 0.496296 0.974280 0.650794 0.020576 0.002385
1 0.497884 0.063786 0.653968 0.026749 0.002385
1 0.497884 0.023457 0.649735 0.020576 0.002385
