1 0.503174 0.204110 0.656783 0.020528 0.001247
1 0.504542 0.243495 0.656105 0.020425 0.001247
1 0.501180 0.287232 0.655436 0.020091 0.001247
1 0.501687 0.325714 0.654308 0.018344 0.001247
1 0.501348 0.372321 0.657682 0.020091 0.001247
1 0.501021 0.417928 0.656220 0.017470 0.001247
1 0.501847 0.453777 0.655436 0.019217 0.001247
1 0.500282 0.499719 0.655436 0.020091 0.001247
1 0.502471 0.542657 0.658131 0.020964 0.001247
1 0.500225 0.589240 0.655436 0.020091 0.001247
1 0.500065 0.630040 0.653639 0.020648 0.001247
1 0.500674 0.676582 0.655436 0.020964 0.001247
1 0.498811 0.719728 0.653132 0.020091 0.001247
1 0.501238 0.762220 0.653409 0.020091 0.001247
1 0.500000 0.806657 0.655885 0.019868 0.001247
1 0.501319 0.848363 0.658638 0.019013 0.001247
1 0.499616 0.894868 0.657233 0.020964 0.001247
1 0.499840 0.934302 0.654987 0.020091 0.001247
1 0.500898 0.980035 0.655885 0.021838 0.001247
1 0.499166 0.028361 0.653639 0.017767 0.001247
1 0.497354 0.076235 0.652910 0.016461 0.001247
1 0.501587 0.112346 0.657143 0.018519 0.001247
1 0.499471 0.156687 0.652910 0.016461 0.001247
