1 0.502115 0.226744 0.656783 0.020528 0.701960
1 0.501368 0.268186 0.656105 0.020425 0.701960
1 0.500122 0.311923 0.655436 0.020091 0.701960
1 0.502745 0.352463 0.654308 0.018344 0.701960
1 0.501348 0.394955 0.657682 0.020091 0.701960
1 0.502079 0.438505 0.656220 0.017470 0.701960
1 0.500789 0.478469 0.655436 0.019217 0.701960
1 0.498166 0.524410 0.655436 0.020091 0.701960
1 0.501413 0.567348 0.658131 0.020964 0.701960
1 0.500225 0.615989 0.655436 0.020091 0.701960
1 0.500065 0.654731 0.653639 0.020648 0.701960
1 0.501732 0.695100 0.655436 0.020964 0.701960
1 0.501985 0.740304 0.653132 0.020091 0.701960
1 0.500180 0.782796 0.653409 0.020091 0.701960
1 0.497884 0.829291 0.655885 0.019868 0.701960
1 0.500261 0.875112 0.658638 0.019013 0.701960
1 0.500674 0.917501 0.657233 0.020964 0.701960
1 0.503015 0.953644 0.654987 0.020091 0.701960
1 0.499166 0.055110 0.653639 0.017767 0.701960
1 0.503704 0.094753 0.652910 0.016461 0.701960
1 0.503704 0.132922 0.657143 0.018519 0.701960
1 0.502646 0.179321 0.652910 0.016461 0.701960
0 0.501058 0.989300 0.651852 0.022634 0.701960
1 0.497354 0.012346 0.655026 0.018519 0.701960
