1 0.498941 0.222629 0.656783 0.020528 0.940791
1 0.500309 0.264071 0.656105 0.020425 0.940791
1 0.496948 0.301635 0.655436 0.020091 0.940791
1 0.497454 0.346290 0.654308 0.018344 0.940791
1 0.497115 0.388782 0.657682 0.020091 0.940791
1 0.502079 0.438505 0.656220 0.017470 0.940791
1 0.497614 0.476411 0.655436 0.019217 0.940791
1 0.499224 0.518237 0.655436 0.020091 0.940791
1 0.497180 0.565290 0.658131 0.020964 0.940791
1 0.501283 0.609816 0.655436 0.020091 0.940791
1 0.494774 0.648558 0.653639 0.020648 0.940791
1 0.499616 0.690985 0.655436 0.020964 0.940791
1 0.497753 0.732074 0.653132 0.020091 0.940791
1 0.497005 0.778680 0.653409 0.020091 0.940791
1 0.500000 0.821061 0.655885 0.019868 0.940791
1 0.501319 0.864824 0.658638 0.019013 0.940791
1 0.499616 0.909271 0.657233 0.020964 0.940791
1 0.500898 0.948911 0.654987 0.020091 0.940791
1 0.497050 0.053052 0.653639 0.017767 0.940791
1 0.495238 0.094753 0.652910 0.016461 0.940791
1 0.499471 0.139095 0.657143 0.018519 0.940791
1 0.496296 0.177263 0.652910 0.016461 0.940791
1 0.499471 0.992541 0.652910 0.015947 0.940791
