1 0.498942 0.115226 0.656085 0.018519 0.002900
1 0.495767 0.157407 0.649735 0.016461 0.002900
1 0.493122 0.201646 0.652910 0.018519 0.002900
1 0.500000 0.244856 0.653968 0.018519 0.002900
1 0.497354 0.283951 0.652910 0.018519 0.002900
1 0.497884 0.329218 0.649735 0.018519 0.002900
1 0.498942 0.365226 0.649735 0.020576 0.002900
1 0.498413 0.409465 0.652910 0.018519 0.002900
1 0.496825 0.452675 0.651852 0.018519 0.002900
1 0.498413 0.495885 0.650794 0.018519 0.002900
1 0.495238 0.541152 0.652910 0.018519 0.002900
1 0.498942 0.583333 0.649735 0.024691 0.002900
1 0.497884 0.628601 0.651852 0.024691 0.002900
1 0.496825 0.669753 0.651852 0.020576 0.002900
1 0.497354 0.718107 0.646561 0.018519 0.002900
1 0.496825 0.755144 0.656085 0.014403 0.002900
1 0.495238 0.803498 0.652910 0.020576 0.002900
1 0.497354 0.845679 0.652910 0.018519 0.002900
1 0.497884 0.884774 0.653968 0.018519 0.002900
1 0.502646 0.935185 0.655026 0.016461 0.002900
1 0.503704 0.976337 0.650794 0.020576 0.002900
1 0.495767 0.074074 0.653968 0.026749 0.002900
1 0.494709 0.024794 0.649735 0.020576 0.002900
