1 0.499999 0.212341 0.656783 0.020528 0.644082
1 0.498193 0.255841 0.656105 0.020425 0.644082
1 0.500122 0.301635 0.655436 0.020091 0.644082
1 0.500629 0.340118 0.654308 0.018344 0.644082
1 0.500290 0.386725 0.657682 0.020091 0.644082
1 0.498904 0.426159 0.656220 0.017470 0.644082
1 0.497614 0.468181 0.655436 0.019217 0.644082
1 0.496049 0.505892 0.655436 0.020091 0.644082
1 0.500354 0.550887 0.658131 0.020964 0.644082
1 0.500225 0.593355 0.655436 0.020091 0.644082
1 0.497948 0.640328 0.653639 0.020648 0.644082
1 0.498557 0.682755 0.655436 0.020964 0.644082
1 0.495636 0.730016 0.653132 0.020091 0.644082
1 0.498063 0.770450 0.653409 0.020091 0.644082
1 0.497884 0.810772 0.655885 0.019868 0.644082
1 0.499203 0.860709 0.658638 0.019013 0.644082
1 0.499616 0.903098 0.657233 0.020964 0.644082
1 0.493491 0.946853 0.654987 0.020091 0.644082
1 0.497724 0.987031 0.655885 0.021838 0.644082
1 0.500225 0.036592 0.653639 0.017767 0.644082
1 0.499471 0.080350 0.652910 0.016461 0.644082
1 0.500529 0.126749 0.657143 0.018519 0.644082
1 0.499471 0.169033 0.652910 0.016461 0.644082
