1 0.497884 0.086420 0.656085 0.018519
1 0.500000 0.122428 0.649735 0.016461
1 0.497354 0.168724 0.652910 0.018519
1 0.495767 0.213992 0.653968 0.018519
1 0.498413 0.259259 0.652910 0.018519
1 0.500000 0.296296 0.649735 0.018519
1 0.497884 0.340535 0.649735 0.020576
1 0.501587 0.386831 0.652910 0.018519
1 0.497884 0.432099 0.651852 0.018519
1 0.497354 0.469136 0.650794 0.018519
1 0.501587 0.518519 0.652910 0.018519
1 0.501058 0.562757 0.649735 0.024691
1 0.497884 0.601852 0.651852 0.024691
1 0.503175 0.651235 0.651852 0.020576
1 0.499471 0.689300 0.646561 0.018519
1 0.498942 0.730453 0.656085 0.014403
1 0.498413 0.772634 0.652910 0.020576
1 0.498413 0.816872 0.652910 0.018519
1 0.502116 0.860082 0.653968 0.018519
1 0.500529 0.910494 0.655026 0.016461
1 0.497354 0.949588 0.650794 0.020576
0 0.503704 0.986728 0.657143 0.026749
1 0.496825 0.049383 0.653968 0.026749
