0 0.498006 0.022435 0.656334 0.022275
1 0.499730 0.050819 0.655206 0.018985
1 0.501957 0.096703 0.656783 0.020528
1 0.503484 0.140614 0.656105 0.020425
1 0.500122 0.188466 0.655436 0.020091
1 0.501687 0.229007 0.654308 0.018344
1 0.499231 0.267383 0.657682 0.020091
1 0.504195 0.306817 0.656220 0.017470
1 0.501847 0.352954 0.655436 0.019217
1 0.500282 0.398896 0.655436 0.020091
1 0.501413 0.448006 0.658131 0.020964
1 0.503399 0.486359 0.655436 0.020091
1 0.501123 0.537447 0.653639 0.020648
1 0.498557 0.575759 0.655436 0.020964
1 0.496694 0.620962 0.653132 0.020091
1 0.497005 0.663454 0.653409 0.020091
1 0.500000 0.705834 0.655885 0.019868
1 0.501319 0.747540 0.658638 0.019013
1 0.497499 0.791987 0.657233 0.020964
1 0.498782 0.837594 0.654987 0.020091
1 0.499840 0.875097 0.655885 0.021838
1 0.498108 0.925480 0.653639 0.017767
1 0.496296 0.961934 0.652910 0.016461
