1 0.498942 0.141975 0.656085 0.018519
1 0.500000 0.188272 0.649735 0.016461
1 0.497354 0.228395 0.652910 0.018519
1 0.498942 0.269547 0.653968 0.018519
1 0.498413 0.312757 0.652910 0.018519
1 0.495767 0.358025 0.649735 0.018519
1 0.495767 0.400206 0.649735 0.020576
1 0.497354 0.438272 0.652910 0.018519
1 0.493651 0.485597 0.651852 0.018519
1 0.500529 0.528807 0.650794 0.018519
1 0.499471 0.572016 0.652910 0.018519
1 0.498942 0.618313 0.649735 0.024691
1 0.502116 0.661523 0.651852 0.024691
1 0.503175 0.698560 0.651852 0.020576
1 0.500529 0.781893 0.646561 0.018519
1 0.503175 0.743827 0.656085 0.024691
1 0.501587 0.828189 0.652910 0.020576
1 0.501587 0.870370 0.652910 0.018519
1 0.503175 0.921811 0.653968 0.018519
1 0.504762 0.962963 0.655026 0.016461
1 0.495238 0.019753 0.650794 0.020576
1 0.494709 0.098765 0.653968 0.026749
1 0.493651 0.055967 0.649735 0.020576
