1 0.501057 0.156785 0.656783 0.020528
1 0.501368 0.202343 0.656105 0.020425
1 0.504355 0.248137 0.655436 0.020091
1 0.501687 0.290735 0.654308 0.018344
1 0.501348 0.333227 0.657682 0.020091
1 0.497846 0.376776 0.656220 0.017470
1 0.501847 0.418798 0.655436 0.019217
1 0.501340 0.456509 0.655436 0.020091
1 0.501413 0.503562 0.658131 0.020964
1 0.501283 0.543972 0.655436 0.020091
1 0.500065 0.590945 0.653639 0.020648
1 0.503848 0.633372 0.655436 0.020964
1 0.501985 0.676518 0.653132 0.020091
1 0.500180 0.716952 0.653409 0.020091
1 0.503175 0.763447 0.655885 0.019868
1 0.502377 0.811326 0.658638 0.019013
1 0.498557 0.851658 0.657233 0.020964
1 0.498782 0.895207 0.654987 0.020091
1 0.497724 0.936825 0.655885 0.021838
1 0.499166 0.974863 0.653639 0.017767
1 0.496296 0.024794 0.652910 0.016461
1 0.499471 0.071193 0.657143 0.018519
1 0.497354 0.117593 0.652910 0.016461
