1 0.498941 0.202053 0.656783 0.020528
1 0.500309 0.251725 0.656105 0.020425
1 0.496948 0.293405 0.655436 0.020091
1 0.497454 0.331887 0.654308 0.018344
1 0.497115 0.378494 0.657682 0.020091
1 0.499963 0.419986 0.656220 0.017470
1 0.497614 0.459950 0.655436 0.019217
1 0.499224 0.503834 0.655436 0.020091
1 0.497180 0.552945 0.658131 0.020964
1 0.501283 0.591297 0.655436 0.020091
1 0.497948 0.632098 0.653639 0.020648
1 0.498557 0.680697 0.655436 0.020964
1 0.497753 0.719728 0.653132 0.020091
1 0.497005 0.766335 0.653409 0.020091
1 0.500000 0.806657 0.655885 0.019868
1 0.500261 0.852478 0.658638 0.019013
1 0.499616 0.894868 0.657233 0.020964
1 0.499840 0.938623 0.654987 0.020091
1 0.497050 0.032476 0.653639 0.017767
1 0.495238 0.074177 0.652910 0.016461
1 0.499471 0.120576 0.657143 0.018519
1 0.496296 0.162860 0.652910 0.016461
1 0.497884 0.981481 0.651852 0.022634
