1 0.499999 0.255551 0.656783 0.020528
1 0.501368 0.299050 0.656105 0.020425
1 0.501180 0.338672 0.655436 0.020091
1 0.497454 0.387443 0.654308 0.018344
1 0.498173 0.425819 0.657682 0.020091
1 0.498904 0.471426 0.656220 0.017470
1 0.498672 0.515506 0.655436 0.019217
1 0.497107 0.557332 0.655436 0.020091
1 0.497180 0.600270 0.658131 0.020964
1 0.495992 0.642738 0.655436 0.020091
1 0.500065 0.687653 0.653639 0.020648
1 0.496441 0.728022 0.655436 0.020964
1 0.499869 0.767053 0.653132 0.020091
1 0.499121 0.811602 0.653409 0.020091
1 0.501058 0.856040 0.655885 0.019868
1 0.501319 0.899803 0.658638 0.019013
1 0.499616 0.942193 0.657233 0.020964
1 0.499840 0.990681 0.654987 0.020091
1 0.500898 0.040529 0.655885 0.021838
1 0.498108 0.088032 0.653639 0.017767
1 0.497354 0.125617 0.652910 0.016461
1 0.500529 0.167901 0.657143 0.018519
1 0.499471 0.216358 0.652910 0.016461
