1 0.498006 0.040954 0.656334 0.022275
1 0.500789 0.083741 0.655206 0.018985
1 0.501957 0.129625 0.656783 0.020528
1 0.502426 0.171478 0.656105 0.020425
1 0.500122 0.206985 0.655436 0.020091
1 0.500629 0.251640 0.654308 0.018344
1 0.500290 0.296190 0.657682 0.020091
1 0.503137 0.337681 0.656220 0.017470
1 0.500789 0.381761 0.655436 0.019217
1 0.500282 0.425645 0.655436 0.020091
1 0.501413 0.472698 0.658131 0.020964
1 0.495992 0.508993 0.655436 0.020091
1 0.501123 0.551851 0.653639 0.020648
1 0.498557 0.602508 0.655436 0.020964
1 0.497753 0.641539 0.653132 0.020091
1 0.497005 0.681973 0.653409 0.020091
1 0.500000 0.728468 0.655885 0.019868
1 0.501319 0.774289 0.658638 0.019013
1 0.498557 0.810505 0.657233 0.020964
1 0.500898 0.858170 0.654987 0.020091
1 0.500898 0.901846 0.655885 0.021838
1 0.500225 0.943999 0.653639 0.017767
0 0.499471 0.988683 0.652910 0.016461
