1 0.502115 0.304933 0.656783 0.020528
1 0.500309 0.348433 0.656105 0.020425
1 0.502239 0.388055 0.655436 0.020091
1 0.501687 0.432710 0.654308 0.018344
1 0.502406 0.471087 0.657682 0.020091
1 0.502079 0.520809 0.656220 0.017470
1 0.500789 0.558715 0.655436 0.019217
1 0.500282 0.600542 0.655436 0.020091
1 0.501413 0.641422 0.658131 0.020964
1 0.503399 0.685947 0.655436 0.020091
1 0.501123 0.732921 0.653639 0.020648
1 0.500674 0.775347 0.655436 0.020964
1 0.499869 0.814378 0.653132 0.020091
1 0.493830 0.863043 0.653409 0.020091
1 0.503175 0.905423 0.655885 0.019868
1 0.503435 0.947128 0.658638 0.019013
1 0.501957 0.045002 0.654987 0.020091
1 0.504073 0.085797 0.655885 0.021838
1 0.499166 0.131242 0.653639 0.017767
1 0.500529 0.170885 0.652910 0.016461
1 0.502646 0.217284 0.657143 0.018519
1 0.500529 0.257510 0.652910 0.016461
1 0.500000 0.987654 0.649735 0.024691
