1 0.499999 0.249378 0.656783 0.020528
1 0.498193 0.294935 0.656105 0.020425
1 0.499064 0.334557 0.655436 0.020091
1 0.499571 0.381270 0.654308 0.018344
1 0.502406 0.421704 0.657682 0.020091
1 0.502079 0.465254 0.656220 0.017470
1 0.500789 0.507275 0.655436 0.019217
1 0.501340 0.551159 0.655436 0.020091
1 0.499296 0.596155 0.658131 0.020964
1 0.498108 0.640680 0.655436 0.020091
1 0.497948 0.683538 0.653639 0.020648
1 0.499616 0.728022 0.655436 0.020964
1 0.497753 0.767053 0.653132 0.020091
1 0.499121 0.811602 0.653409 0.020091
1 0.501058 0.851925 0.655885 0.019868
1 0.502377 0.897746 0.658638 0.019013
1 0.501732 0.944250 0.657233 0.020964
1 0.499840 0.984405 0.654987 0.020091
1 0.499840 0.032299 0.655885 0.021838
1 0.495992 0.081859 0.653639 0.017767
1 0.496296 0.123560 0.652910 0.016461
1 0.500529 0.163786 0.657143 0.018519
1 0.496296 0.210185 0.652910 0.016461
