1 0.499999 0.302876 0.656783 0.020528
1 0.501368 0.338145 0.656105 0.020425
1 0.502239 0.381882 0.655436 0.020091
1 0.501687 0.426537 0.654308 0.018344
1 0.503464 0.475202 0.657682 0.020091
1 0.503137 0.510521 0.656220 0.017470
1 0.501847 0.560773 0.655436 0.019217
1 0.502398 0.602600 0.655436 0.020091
1 0.502471 0.641422 0.658131 0.020964
1 0.501283 0.683890 0.655436 0.020091
1 0.499007 0.724690 0.653639 0.020648
1 0.501732 0.769174 0.655436 0.020964
1 0.501985 0.810263 0.653132 0.020091
1 0.503354 0.858927 0.653409 0.020091
1 0.501058 0.899250 0.655885 0.019868
1 0.502377 0.947128 0.658638 0.019013
1 0.499840 0.036565 0.654987 0.020091
1 0.501957 0.077566 0.655885 0.021838
1 0.503399 0.125069 0.653639 0.017767
1 0.498413 0.170885 0.652910 0.016461
1 0.503704 0.211111 0.657143 0.018519
1 0.503704 0.255453 0.652910 0.016461
1 0.502646 0.992695 0.657143 0.016461
