1 0.501058 0.039095 0.656085 0.018519
1 0.498942 0.085391 0.649735 0.016461
1 0.497354 0.129630 0.652910 0.018519
1 0.495767 0.174897 0.653968 0.018519
1 0.497354 0.218107 0.652910 0.018519
1 0.494709 0.255144 0.649735 0.018519
1 0.493651 0.303498 0.649735 0.020576
1 0.493122 0.345679 0.652910 0.018519
1 0.493651 0.390947 0.651852 0.018519
1 0.497354 0.430041 0.650794 0.018519
1 0.498413 0.473251 0.652910 0.018519
1 0.497884 0.513374 0.649735 0.024691
1 0.496825 0.558642 0.651852 0.024691
1 0.495767 0.603909 0.651852 0.020576
1 0.498942 0.648148 0.658201 0.018519
1 0.496825 0.687243 0.653968 0.026749
1 0.501587 0.731481 0.652910 0.020576
1 0.496296 0.775720 0.652910 0.018519
1 0.501058 0.814815 0.653968 0.018519
1 0.501587 0.863169 0.655026 0.016461
1 0.499471 0.904321 0.650794 0.020576
1 0.498836 0.948560 0.657143 0.026749
1 0.497354 0.985597 0.655026 0.014403
