1 0.499999 0.267896 0.656783 0.020528
1 0.501368 0.309339 0.656105 0.020425
1 0.498006 0.351018 0.655436 0.020091
1 0.499571 0.395673 0.654308 0.018344
1 0.499231 0.436107 0.657682 0.020091
1 0.501021 0.483772 0.656220 0.017470
1 0.497614 0.529909 0.655436 0.019217
1 0.496049 0.567620 0.655436 0.020091
1 0.498238 0.614673 0.658131 0.020964
1 0.498108 0.655083 0.655436 0.020091
1 0.497948 0.695884 0.653639 0.020648
1 0.499616 0.738310 0.655436 0.020964
1 0.497753 0.783514 0.653132 0.020091
1 0.499121 0.823948 0.653409 0.020091
1 0.503175 0.870443 0.655885 0.019868
1 0.500261 0.916264 0.658638 0.019013
1 0.501732 0.956596 0.657233 0.020964
0 0.499840 0.990269 0.654987 0.020091
1 0.499840 0.052875 0.655885 0.021838
1 0.494934 0.096262 0.653639 0.017767
1 0.496296 0.142078 0.652910 0.016461
1 0.500529 0.182305 0.657143 0.018519
1 0.494180 0.222531 0.652910 0.016461
0 0.496771 0.019281 0.654987 0.020091
