1 0.498942 0.043210 0.656085 0.018519
1 0.500000 0.091564 0.649735 0.016461
1 0.500529 0.129630 0.652910 0.018519
1 0.498942 0.181070 0.653968 0.018519
1 0.498413 0.222222 0.652910 0.018519
1 0.501058 0.265432 0.649735 0.018519
1 0.497884 0.303498 0.649735 0.020576
1 0.501587 0.353909 0.652910 0.018519
1 0.497884 0.395062 0.651852 0.018519
1 0.497354 0.440329 0.650794 0.018519
1 0.501587 0.481481 0.652910 0.018519
1 0.500000 0.527778 0.649735 0.024691
1 0.497884 0.573045 0.651852 0.024691
1 0.501058 0.608025 0.651852 0.020576
1 0.497354 0.652263 0.646561 0.018519
1 0.495767 0.695473 0.656085 0.014403
1 0.497354 0.739712 0.652910 0.020576
1 0.502646 0.779835 0.652910 0.018519
1 0.500000 0.823045 0.653968 0.018519
1 0.500529 0.869342 0.655026 0.016461
1 0.497354 0.910494 0.650794 0.020576
1 0.501587 0.950617 0.657143 0.026749
0 0.501587 0.987654 0.652910 0.018519
