1 0.501057 0.140324 0.656783 0.020528
1 0.500309 0.185882 0.656105 0.020425
1 0.500122 0.223446 0.655436 0.020091
1 0.501687 0.270159 0.654308 0.018344
1 0.502406 0.310593 0.657682 0.020091
1 0.501021 0.354142 0.656220 0.017470
1 0.500789 0.398222 0.655436 0.019217
1 0.497107 0.440048 0.655436 0.020091
1 0.500354 0.487101 0.658131 0.020964
1 0.501283 0.529569 0.655436 0.020091
1 0.500065 0.572427 0.653639 0.020648
1 0.499616 0.616911 0.655436 0.020964
1 0.498811 0.655942 0.653132 0.020091
1 0.500180 0.700491 0.653409 0.020091
1 0.497884 0.740814 0.655885 0.019868
1 0.506610 0.780462 0.658638 0.019013
1 0.499616 0.829024 0.657233 0.020964
1 0.501957 0.870516 0.654987 0.020091
1 0.499840 0.916249 0.655885 0.021838
1 0.499166 0.958402 0.653639 0.017767
0 0.499471 0.016358 0.652910 0.016461
1 0.497354 0.052675 0.657143 0.018519
1 0.497354 0.097016 0.652910 0.016461
