1 0.493651 0.131687 0.656085 0.018519
1 0.491534 0.169753 0.649735 0.016461
1 0.492063 0.218107 0.652910 0.018519
1 0.495767 0.259259 0.653968 0.018519
1 0.494180 0.306584 0.652910 0.018519
1 0.493651 0.345679 0.649735 0.018519
1 0.493651 0.391975 0.649735 0.020576
1 0.495238 0.434156 0.652910 0.018519
1 0.492593 0.475309 0.651852 0.018519
1 0.493122 0.522634 0.650794 0.018519
1 0.495238 0.559671 0.652910 0.018519
1 0.493651 0.601852 0.649735 0.024691
1 0.495767 0.645062 0.651852 0.024691
1 0.500000 0.688272 0.651852 0.020576
1 0.497354 0.783951 0.646561 0.018519
1 0.502116 0.735597 0.656085 0.024691
1 0.502646 0.819959 0.652910 0.020576
1 0.498413 0.868313 0.652910 0.018519
1 0.501058 0.905350 0.653968 0.018519
1 0.503704 0.945473 0.655026 0.016461
1 0.501587 0.988683 0.650794 0.020576
1 0.494709 0.086420 0.653968 0.026749
1 0.490476 0.047737 0.649735 0.020576
