1 0.504073 0.055962 0.656783 0.020528
1 0.501368 0.105635 0.656105 0.020425
1 0.501180 0.145256 0.655436 0.020091
1 0.501687 0.183739 0.654308 0.018344
1 0.504522 0.228288 0.657682 0.020091
1 0.502079 0.265665 0.656220 0.017470
1 0.501847 0.313860 0.655436 0.019217
1 0.502398 0.351571 0.655436 0.020091
1 0.504587 0.400681 0.658131 0.020964
1 0.503399 0.434919 0.655436 0.020091
1 0.500065 0.479834 0.653639 0.020648
1 0.500674 0.522261 0.655436 0.020964
1 0.500927 0.567464 0.653132 0.020091
1 0.500180 0.612014 0.653409 0.020091
1 0.500000 0.658509 0.655885 0.019868
1 0.502377 0.696100 0.658638 0.019013
1 0.500674 0.742604 0.657233 0.020964
1 0.500898 0.784096 0.654987 0.020091
1 0.504073 0.829830 0.655885 0.021838
1 0.501283 0.874040 0.653639 0.017767
1 0.498413 0.918724 0.652910 0.016461
1 0.500529 0.962140 0.657143 0.018519
0 0.499471 0.022942 0.652910 0.016461
