0 0.501847 0.015840 0.655206 0.018985
1 0.501957 0.051435 0.656783 0.020528
1 0.502426 0.089174 0.656105 0.020425
1 0.499064 0.128796 0.655436 0.020091
1 0.497454 0.175509 0.654308 0.018344
1 0.500290 0.224173 0.657682 0.020091
1 0.498904 0.265665 0.656220 0.017470
1 0.499730 0.311802 0.655436 0.019217
1 0.502398 0.357744 0.655436 0.020091
1 0.501413 0.394509 0.658131 0.020964
1 0.500225 0.434919 0.655436 0.020091
1 0.501123 0.481892 0.653639 0.020648
1 0.500674 0.524318 0.655436 0.020964
1 0.497753 0.569522 0.653132 0.020091
1 0.501238 0.609956 0.653409 0.020091
1 0.497884 0.656451 0.655885 0.019868
1 0.501319 0.698157 0.658638 0.019013
1 0.497499 0.740547 0.657233 0.020964
1 0.493491 0.784096 0.654987 0.020091
1 0.496666 0.829830 0.655885 0.021838
1 0.492817 0.867867 0.653639 0.017767
1 0.496296 0.912551 0.652910 0.016461
1 0.496296 0.953909 0.657143 0.018519
0 0.501058 0.989712 0.656085 0.014403
