1 0.496666 0.930448 0.656783 0.020528
1 0.496077 0.969832 0.656105 0.020425
1 0.498006 0.025915 0.655436 0.020091
1 0.494280 0.066455 0.654308 0.018344
1 0.498173 0.104832 0.657682 0.020091
1 0.497846 0.150439 0.656220 0.017470
1 0.496556 0.192460 0.655436 0.019217
1 0.497107 0.238402 0.655436 0.020091
1 0.500354 0.283397 0.658131 0.020964
1 0.498108 0.315577 0.655436 0.020091
1 0.499007 0.360493 0.653639 0.020648
1 0.497499 0.409092 0.655436 0.020964
1 0.495636 0.454296 0.653132 0.020091
1 0.500180 0.498845 0.653409 0.020091
1 0.496825 0.537110 0.655885 0.019868
1 0.498144 0.587046 0.658638 0.019013
1 0.497499 0.627378 0.657233 0.020964
1 0.498782 0.666812 0.654987 0.020091
1 0.498782 0.708430 0.655885 0.021838
1 0.498108 0.756756 0.653639 0.017767
1 0.494180 0.793210 0.652910 0.016461
1 0.493122 0.840741 0.657143 0.018519
1 0.495238 0.880967 0.652910 0.016461
