1 0.499999 0.296703 0.656783 0.020528
1 0.499251 0.338145 0.656105 0.020425
1 0.501180 0.381882 0.655436 0.020091
1 0.497454 0.426537 0.654308 0.018344
1 0.501348 0.464914 0.657682 0.020091
1 0.499963 0.512579 0.656220 0.017470
1 0.499730 0.554600 0.655436 0.019217
1 0.499224 0.598484 0.655436 0.020091
1 0.501413 0.637307 0.658131 0.020964
1 0.499166 0.685947 0.655436 0.020091
1 0.497948 0.724690 0.653639 0.020648
1 0.498557 0.769174 0.655436 0.020964
1 0.497753 0.814378 0.653132 0.020091
1 0.501238 0.858927 0.653409 0.020091
1 0.502116 0.899250 0.655885 0.019868
1 0.502377 0.947128 0.658638 0.019013
1 0.501732 0.988077 0.657233 0.020964
1 0.500898 0.034713 0.654987 0.020091
1 0.497724 0.079624 0.655885 0.021838
1 0.498108 0.131242 0.653639 0.017767
1 0.501587 0.166770 0.652910 0.016461
1 0.501587 0.209053 0.657143 0.018519
1 0.500529 0.255453 0.652910 0.016461
