1 0.502115 0.251435 0.656783 0.020528
1 0.501368 0.294935 0.656105 0.020425
1 0.498006 0.340730 0.655436 0.020091
1 0.498512 0.383328 0.654308 0.018344
1 0.498173 0.421704 0.657682 0.020091
1 0.499963 0.465254 0.656220 0.017470
1 0.498672 0.509333 0.655436 0.019217
1 0.497107 0.555275 0.655436 0.020091
1 0.496122 0.594097 0.658131 0.020964
1 0.495992 0.640680 0.655436 0.020091
1 0.497948 0.681480 0.653639 0.020648
1 0.498557 0.725965 0.655436 0.020964
1 0.498811 0.767053 0.653132 0.020091
1 0.500180 0.811602 0.653409 0.020091
1 0.500000 0.858098 0.655885 0.019868
1 0.502377 0.897746 0.658638 0.019013
1 0.504907 0.940135 0.657233 0.020964
1 0.504073 0.983890 0.654987 0.020091
1 0.500898 0.040529 0.655885 0.021838
1 0.501283 0.081859 0.653639 0.017767
1 0.496296 0.123560 0.652910 0.016461
1 0.497354 0.172016 0.657143 0.018519
1 0.499471 0.210185 0.652910 0.016461
