1 0.502115 0.292588 0.656783 0.020528
1 0.500309 0.334030 0.656105 0.020425
1 0.502239 0.379824 0.655436 0.020091
1 0.501687 0.424480 0.654308 0.018344
1 0.502406 0.464914 0.657682 0.020091
1 0.501021 0.512579 0.656220 0.017470
1 0.500789 0.552543 0.655436 0.019217
1 0.500282 0.600542 0.655436 0.020091
1 0.501413 0.641422 0.658131 0.020964
1 0.503399 0.685947 0.655436 0.020091
1 0.501123 0.724690 0.653639 0.020648
1 0.500674 0.771232 0.655436 0.020964
1 0.499869 0.808205 0.653132 0.020091
1 0.501238 0.852754 0.653409 0.020091
1 0.503175 0.895135 0.655885 0.019868
1 0.503435 0.938898 0.658638 0.019013
1 0.500898 0.036771 0.654987 0.020091
1 0.503015 0.081681 0.655885 0.021838
1 0.499166 0.120954 0.653639 0.017767
1 0.500529 0.164712 0.652910 0.016461
1 0.502646 0.211111 0.657143 0.018519
1 0.500529 0.249280 0.652910 0.016461
1 0.500000 0.987757 0.649735 0.024691
