1 0.503174 0.241147 0.656783 0.020528
1 0.502426 0.286705 0.656105 0.020425
1 0.502239 0.326326 0.655436 0.020091
1 0.499571 0.370982 0.654308 0.018344
1 0.501348 0.409358 0.657682 0.020091
1 0.499963 0.457023 0.656220 0.017470
1 0.499730 0.499045 0.655436 0.019217
1 0.498166 0.542929 0.655436 0.020091
1 0.502471 0.587924 0.658131 0.020964
1 0.500225 0.632449 0.655436 0.020091
1 0.497948 0.673250 0.653639 0.020648
1 0.499616 0.717734 0.655436 0.020964
1 0.497753 0.758823 0.653132 0.020091
1 0.499121 0.803372 0.653409 0.020091
1 0.501058 0.843694 0.655885 0.019868
1 0.501319 0.889515 0.658638 0.019013
1 0.498557 0.927789 0.657233 0.020964
1 0.497724 0.969693 0.654987 0.020091
1 0.496666 0.028183 0.655885 0.021838
1 0.494934 0.071571 0.653639 0.017767
1 0.495238 0.113272 0.652910 0.016461
1 0.501587 0.153498 0.657143 0.018519
1 0.498413 0.199897 0.652910 0.016461
