1 0.498942 0.055556 0.656085 0.018519
1 0.500000 0.093621 0.649735 0.016461
1 0.497354 0.137860 0.652910 0.018519
1 0.498942 0.181070 0.653968 0.018519
1 0.498413 0.222222 0.652910 0.018519
1 0.501058 0.265432 0.649735 0.018519
1 0.497884 0.303498 0.649735 0.020576
1 0.501587 0.353909 0.652910 0.018519
1 0.497884 0.395062 0.651852 0.018519
1 0.497354 0.440329 0.650794 0.018519
1 0.501587 0.481481 0.652910 0.018519
1 0.500000 0.527778 0.649735 0.024691
1 0.497884 0.573045 0.651852 0.024691
1 0.501058 0.610082 0.651852 0.020576
1 0.497354 0.652263 0.646561 0.018519
1 0.495767 0.695473 0.656085 0.014403
1 0.497354 0.741770 0.652910 0.020576
1 0.502646 0.788066 0.652910 0.018519
1 0.500000 0.831276 0.653968 0.018519
1 0.500529 0.875514 0.655026 0.016461
1 0.497354 0.920782 0.650794 0.020576
1 0.503704 0.956790 0.657143 0.026749
0 0.502646 0.991255 0.652910 0.018519
1 0.501587 0.018519 0.646561 0.018519
