1 0.498942 0.113169 0.656085 0.018519
1 0.494709 0.153292 0.649735 0.016461
1 0.494180 0.199588 0.652910 0.018519
1 0.500000 0.236626 0.653968 0.018519
1 0.497354 0.281893 0.652910 0.018519
1 0.497884 0.323045 0.649735 0.018519
1 0.496825 0.365226 0.649735 0.020576
1 0.497354 0.407407 0.652910 0.018519
1 0.496825 0.452675 0.651852 0.018519
1 0.496296 0.495885 0.650794 0.018519
1 0.493122 0.537037 0.652910 0.018519
1 0.497884 0.579218 0.649735 0.024691
1 0.495767 0.624486 0.651852 0.024691
1 0.495767 0.667695 0.651852 0.020576
1 0.496296 0.716049 0.646561 0.018519
1 0.497884 0.757202 0.656085 0.014403
1 0.494180 0.799383 0.652910 0.020576
1 0.497354 0.841564 0.652910 0.018519
1 0.497884 0.880658 0.653968 0.018519
1 0.498413 0.929012 0.655026 0.016461
1 0.497354 0.968107 0.650794 0.020576
1 0.495767 0.069959 0.653968 0.026749
0 0.497884 0.020679 0.649735 0.020576
