1 0.499251 0.048022 0.656105 0.020425
1 0.501180 0.089701 0.655436 0.020091
1 0.500629 0.140529 0.654308 0.018344
1 0.500290 0.183021 0.657682 0.020091
1 0.503137 0.224513 0.656220 0.017470
1 0.503963 0.260362 0.655436 0.019217
1 0.502398 0.312476 0.655436 0.020091
1 0.504587 0.349241 0.658131 0.020964
1 0.503399 0.391709 0.655436 0.020091
1 0.500065 0.442797 0.653639 0.020648
1 0.499616 0.481109 0.655436 0.020964
1 0.497753 0.526312 0.653132 0.020091
1 0.500180 0.568804 0.653409 0.020091
1 0.500000 0.609126 0.655885 0.019868
1 0.497086 0.650832 0.658638 0.019013
1 0.501732 0.697337 0.657233 0.020964
1 0.497724 0.742944 0.654987 0.020091
1 0.500898 0.786620 0.655885 0.021838
1 0.500225 0.826715 0.653639 0.017767
1 0.500529 0.873457 0.652910 0.016461
1 0.506349 0.915226 0.656085 0.015226
1 0.502646 0.955761 0.657143 0.024691
0 0.500000 0.016461 0.656085 0.018519
0 0.502116 0.988683 0.656085 0.012346
