1 0.501058 0.076132 0.656085 0.018519
1 0.498942 0.118313 0.649735 0.016461
1 0.498413 0.156379 0.652910 0.018519
1 0.502116 0.197531 0.653968 0.018519
1 0.499471 0.238683 0.652910 0.018519
1 0.500000 0.281893 0.649735 0.018519
1 0.501058 0.328189 0.649735 0.020576
1 0.500529 0.364198 0.652910 0.018519
1 0.500000 0.415638 0.651852 0.018519
1 0.497354 0.456790 0.650794 0.018519
1 0.498413 0.495885 0.652910 0.018519
1 0.498942 0.538066 0.649735 0.024691
1 0.496825 0.581276 0.651852 0.024691
1 0.503175 0.626543 0.651852 0.020576
1 0.498413 0.674897 0.646561 0.018519
1 0.502116 0.716049 0.656085 0.014403
1 0.498413 0.756173 0.652910 0.020576
1 0.498413 0.798354 0.652910 0.018519
1 0.501058 0.847737 0.653968 0.018519
1 0.503704 0.881687 0.655026 0.016461
1 0.500529 0.929012 0.650794 0.020576
1 0.496825 0.026749 0.653968 0.026749
1 0.501058 0.978189 0.649735 0.020576
