1 0.497884 0.111111 0.656085 0.018519
1 0.495767 0.159465 0.649735 0.016461
1 0.493122 0.197531 0.652910 0.018519
1 0.496825 0.240741 0.653968 0.018519
1 0.498413 0.281893 0.652910 0.018519
1 0.494709 0.325103 0.649735 0.018519
1 0.496825 0.367284 0.649735 0.020576
1 0.496296 0.411523 0.652910 0.018519
1 0.497884 0.460905 0.651852 0.018519
1 0.497354 0.502058 0.650794 0.018519
1 0.496296 0.543210 0.652910 0.018519
1 0.496825 0.593621 0.649735 0.024691
1 0.495767 0.636831 0.651852 0.024691
1 0.500000 0.675926 0.651852 0.020576
1 0.495238 0.718107 0.646561 0.018519
1 0.498942 0.758230 0.656085 0.024691
1 0.500529 0.807613 0.652910 0.020576
1 0.499471 0.849794 0.652910 0.018519
1 0.498942 0.890947 0.653968 0.018519
1 0.501587 0.935185 0.655026 0.016461
1 0.497354 0.978395 0.650794 0.020576
1 0.495767 0.069959 0.653968 0.026749
1 0.493651 0.027160 0.649735 0.020576
