1 0.501057 0.142382 0.656783 0.020528
1 0.500309 0.177651 0.656105 0.020425
1 0.502239 0.225503 0.655436 0.020091
1 0.501687 0.263986 0.654308 0.018344
1 0.504522 0.308535 0.657682 0.020091
1 0.503137 0.350027 0.656220 0.017470
1 0.500789 0.389991 0.655436 0.019217
1 0.502398 0.444163 0.655436 0.020091
1 0.501413 0.482986 0.658131 0.020964
1 0.501283 0.525454 0.655436 0.020091
1 0.500065 0.570369 0.653639 0.020648
1 0.496441 0.612796 0.655436 0.020964
1 0.498811 0.653884 0.653132 0.020091
1 0.500180 0.698433 0.653409 0.020091
1 0.503175 0.742871 0.655885 0.019868
1 0.502377 0.784577 0.658638 0.019013
1 0.499616 0.831082 0.657233 0.020964
1 0.501957 0.868458 0.654987 0.020091
1 0.494549 0.918307 0.655885 0.021838
1 0.498108 0.956345 0.653639 0.017767
0 0.498413 0.018621 0.652910 0.016461
1 0.499471 0.058848 0.657143 0.018519
1 0.497354 0.099074 0.652910 0.016461
