1 0.502115 0.210283 0.656783 0.020528
1 0.500309 0.251725 0.656105 0.020425
1 0.500122 0.291347 0.655436 0.020091
1 0.503803 0.336002 0.654308 0.018344
1 0.501348 0.378494 0.657682 0.020091
1 0.502079 0.424101 0.656220 0.017470
1 0.503963 0.462008 0.655436 0.019217
1 0.501340 0.503834 0.655436 0.020091
1 0.502471 0.548829 0.658131 0.020964
1 0.500225 0.589240 0.655436 0.020091
1 0.499007 0.636213 0.653639 0.020648
1 0.500674 0.680697 0.655436 0.020964
1 0.503044 0.717670 0.653132 0.020091
1 0.501238 0.762220 0.653409 0.020091
1 0.501058 0.810772 0.655885 0.019868
1 0.500261 0.848363 0.658638 0.019013
1 0.503848 0.896925 0.657233 0.020964
1 0.503015 0.937183 0.654987 0.020091
1 0.499166 0.036592 0.653639 0.017767
1 0.499471 0.080350 0.652910 0.016461
1 0.503704 0.122634 0.657143 0.018519
1 0.500529 0.162860 0.652910 0.016461
1 0.503175 0.978498 0.651852 0.022634
