1 0.502014 0.045988 0.658466 0.019533
1 0.500122 0.092394 0.656334 0.022275
1 0.499730 0.133124 0.655206 0.018985
1 0.499840 0.172835 0.656783 0.020528
1 0.501368 0.214688 0.656105 0.020425
1 0.500122 0.262540 0.655436 0.020091
1 0.499571 0.298965 0.654308 0.018344
1 0.496057 0.343515 0.657682 0.020091
1 0.501021 0.385007 0.656220 0.017470
1 0.496556 0.437316 0.655436 0.019217
1 0.501340 0.472970 0.655436 0.020091
1 0.502471 0.522081 0.658131 0.020964
1 0.499166 0.560433 0.655436 0.020091
1 0.500065 0.609464 0.653639 0.020648
1 0.502790 0.647775 0.655436 0.020964
1 0.498811 0.697094 0.653132 0.020091
1 0.495947 0.733413 0.653409 0.020091
1 0.500000 0.781966 0.655885 0.019868
1 0.503435 0.821614 0.658638 0.019013
1 0.503848 0.864003 0.657233 0.020964
1 0.503015 0.907553 0.654987 0.020091
1 0.498782 0.953286 0.655885 0.021838
0 0.500225 0.991838 0.653639 0.017767
0 0.500529 0.016461 0.657143 0.018519
