1 0.497883 0.290530 0.656783 0.020528
1 0.498193 0.336087 0.656105 0.020425
1 0.501180 0.379824 0.655436 0.020091
1 0.497454 0.426537 0.654308 0.018344
1 0.499231 0.466971 0.657682 0.020091
1 0.497846 0.512579 0.656220 0.017470
1 0.498672 0.552543 0.655436 0.019217
1 0.496049 0.592312 0.655436 0.020091
1 0.498238 0.637307 0.658131 0.020964
1 0.494934 0.677717 0.655436 0.020091
1 0.494774 0.720575 0.653639 0.020648
1 0.497499 0.767117 0.655436 0.020964
1 0.497753 0.816436 0.653132 0.020091
1 0.501238 0.858927 0.653409 0.020091
1 0.502116 0.899250 0.655885 0.019868
1 0.500261 0.945071 0.658638 0.019013
1 0.502790 0.985403 0.657233 0.020964
1 0.500898 0.034713 0.654987 0.020091
1 0.497724 0.077566 0.655885 0.021838
1 0.498108 0.123011 0.653639 0.017767
1 0.497354 0.164712 0.652910 0.016461
1 0.498413 0.211111 0.657143 0.018519
1 0.500529 0.253395 0.652910 0.016461
