1 0.502115 0.189707 0.656783 0.020528
1 0.501368 0.231149 0.656105 0.020425
1 0.503297 0.274886 0.655436 0.020091
1 0.501687 0.315426 0.654308 0.018344
1 0.500290 0.357918 0.657682 0.020091
1 0.501021 0.399410 0.656220 0.017470
1 0.499730 0.447604 0.655436 0.019217
1 0.498166 0.487373 0.655436 0.020091
1 0.500354 0.534426 0.658131 0.020964
1 0.500225 0.572779 0.655436 0.020091
1 0.501123 0.617694 0.653639 0.020648
1 0.499616 0.662178 0.655436 0.020964
1 0.500927 0.707382 0.653132 0.020091
1 0.500180 0.749874 0.653409 0.020091
1 0.500000 0.786081 0.655885 0.019868
1 0.501319 0.829844 0.658638 0.019013
1 0.501732 0.880464 0.657233 0.020964
1 0.499840 0.918664 0.654987 0.020091
1 0.501283 0.018073 0.653639 0.017767
1 0.502646 0.061831 0.652910 0.016461
1 0.503704 0.104115 0.657143 0.018519
1 0.502646 0.148457 0.652910 0.016461
1 0.502116 0.965844 0.653968 0.020165
