1 0.492593 0.166667 0.656085 0.018519
1 0.495767 0.212963 0.649735 0.016461
1 0.494180 0.253086 0.652910 0.018519
1 0.494709 0.300412 0.653968 0.018519
1 0.496296 0.341564 0.652910 0.018519
1 0.493651 0.380658 0.649735 0.018519
1 0.495767 0.418724 0.649735 0.020576
1 0.496296 0.469136 0.652910 0.018519
1 0.500000 0.514403 0.651852 0.018519
1 0.500529 0.557613 0.650794 0.018519
1 0.500529 0.600823 0.652910 0.018519
1 0.500000 0.645062 0.649735 0.024691
1 0.504233 0.686214 0.651852 0.024691
1 0.498942 0.733539 0.651852 0.020576
1 0.499471 0.818930 0.646561 0.018519
1 0.501058 0.774691 0.656085 0.024691
1 0.500529 0.861111 0.652910 0.020576
1 0.500529 0.905350 0.652910 0.018519
1 0.504233 0.946502 0.653968 0.018519
0 0.502646 0.990226 0.655026 0.016461
1 0.491005 0.042387 0.650794 0.020576
1 0.494709 0.123457 0.653968 0.026749
1 0.494709 0.080658 0.649735 0.020576
