1 0.496824 0.247320 0.656783 0.020528
1 0.497135 0.290820 0.656105 0.020425
1 0.498006 0.332499 0.655436 0.020091
1 0.498512 0.381270 0.654308 0.018344
1 0.500290 0.419646 0.657682 0.020091
1 0.496788 0.465254 0.656220 0.017470
1 0.496556 0.505218 0.655436 0.019217
1 0.497107 0.553217 0.655436 0.020091
1 0.500354 0.594097 0.658131 0.020964
1 0.498108 0.634507 0.655436 0.020091
1 0.497948 0.681480 0.653639 0.020648
1 0.498557 0.728022 0.655436 0.020964
1 0.497753 0.767053 0.653132 0.020091
1 0.497005 0.805429 0.653409 0.020091
1 0.498942 0.849867 0.655885 0.019868
1 0.502377 0.895688 0.658638 0.019013
1 0.499616 0.938077 0.657233 0.020964
1 0.497724 0.981833 0.654987 0.020091
1 0.493491 0.030241 0.655885 0.021838
1 0.491759 0.073629 0.653639 0.017767
1 0.494180 0.123560 0.652910 0.016461
1 0.498413 0.167901 0.657143 0.018519
1 0.493122 0.210185 0.652910 0.016461
