1 0.494708 0.298761 0.656783 0.020528
1 0.497135 0.342260 0.656105 0.020425
1 0.494831 0.385997 0.655436 0.020091
1 0.496396 0.432710 0.654308 0.018344
1 0.499231 0.471087 0.657682 0.020091
1 0.498904 0.510521 0.656220 0.017470
1 0.496556 0.558715 0.655436 0.019217
1 0.498166 0.602600 0.655436 0.020091
1 0.501413 0.639364 0.658131 0.020964
1 0.494934 0.685947 0.655436 0.020091
1 0.494774 0.726748 0.653639 0.020648
1 0.497499 0.775347 0.655436 0.020964
1 0.494578 0.820551 0.653132 0.020091
1 0.491714 0.856870 0.653409 0.020091
1 0.497884 0.897192 0.655885 0.019868
1 0.498144 0.945071 0.658638 0.019013
1 0.501732 0.983345 0.657233 0.020964
1 0.499840 0.037388 0.654987 0.020091
1 0.498782 0.085797 0.655885 0.021838
1 0.493875 0.129184 0.653639 0.017767
1 0.496296 0.168827 0.652910 0.016461
1 0.499471 0.215226 0.657143 0.018519
1 0.496296 0.253395 0.652910 0.016461
