1 0.501057 0.216456 0.656783 0.020528
1 0.502426 0.257898 0.656105 0.020425
1 0.500122 0.297520 0.655436 0.020091
1 0.503803 0.342175 0.654308 0.018344
1 0.503464 0.384667 0.657682 0.020091
1 0.501021 0.426159 0.656220 0.017470
1 0.498672 0.474353 0.655436 0.019217
1 0.502398 0.512065 0.655436 0.020091
1 0.501413 0.557060 0.658131 0.020964
1 0.501283 0.603643 0.655436 0.020091
1 0.500065 0.642386 0.653639 0.020648
1 0.501732 0.688927 0.655436 0.020964
1 0.500927 0.730016 0.653132 0.020091
1 0.502296 0.774565 0.653409 0.020091
1 0.502116 0.819003 0.655885 0.019868
1 0.502377 0.860709 0.658638 0.019013
1 0.503848 0.898983 0.657233 0.020964
1 0.504073 0.947471 0.654987 0.020091
0 0.503574 0.010381 0.659000 0.021830
1 0.502341 0.044822 0.653639 0.017767
1 0.502646 0.082407 0.652910 0.016461
1 0.503704 0.130864 0.657143 0.018519
1 0.500529 0.171091 0.652910 0.016461
1 0.502116 0.988786 0.651852 0.022634
