1 0.499999 0.294645 0.656783 0.020528
1 0.499251 0.336087 0.656105 0.020425
1 0.499064 0.373652 0.655436 0.020091
1 0.498512 0.418307 0.654308 0.018344
1 0.499231 0.464914 0.657682 0.020091
1 0.501021 0.508463 0.656220 0.017470
1 0.500789 0.550485 0.655436 0.019217
1 0.500282 0.590254 0.655436 0.020091
1 0.500354 0.635249 0.658131 0.020964
1 0.500225 0.679775 0.655436 0.020091
1 0.503239 0.722633 0.653639 0.020648
1 0.501732 0.767117 0.655436 0.020964
1 0.498811 0.810263 0.653132 0.020091
1 0.500180 0.850697 0.653409 0.020091
1 0.502116 0.897192 0.655885 0.019868
1 0.502377 0.938898 0.658638 0.019013
1 0.501732 0.979950 0.657233 0.020964
1 0.497724 0.035845 0.654987 0.020091
1 0.498782 0.080138 0.655885 0.021838
1 0.499166 0.120954 0.653639 0.017767
1 0.497354 0.162654 0.652910 0.016461
1 0.501587 0.209053 0.657143 0.018519
1 0.500529 0.251337 0.652910 0.016461
