1 0.492593 0.174897 0.656085 0.018519
1 0.495767 0.217078 0.649735 0.016461
1 0.494180 0.257202 0.652910 0.018519
1 0.496825 0.302469 0.653968 0.018519
1 0.497354 0.345679 0.652910 0.018519
1 0.494709 0.388889 0.649735 0.018519
1 0.498942 0.433128 0.649735 0.020576
1 0.496296 0.477366 0.652910 0.018519
1 0.500000 0.518519 0.651852 0.018519
1 0.501587 0.563786 0.650794 0.018519
1 0.499471 0.602881 0.652910 0.018519
1 0.498942 0.651235 0.649735 0.024691
1 0.505291 0.690329 0.651852 0.024691
1 0.498942 0.735597 0.651852 0.020576
1 0.499471 0.820988 0.646561 0.018519
1 0.501058 0.778807 0.656085 0.024691
1 0.502646 0.867284 0.652910 0.020576
1 0.503704 0.903292 0.652910 0.018519
1 0.504233 0.950617 0.653968 0.018519
1 0.502646 0.991770 0.655026 0.016461
1 0.491005 0.048560 0.650794 0.020576
1 0.494709 0.133745 0.653968 0.026749
1 0.494709 0.088889 0.649735 0.020576
