1 0.500898 0.903699 0.656783 0.020528
1 0.499251 0.945141 0.656105 0.020425
0 0.503297 0.990010 0.655436 0.020091
1 0.493221 0.035591 0.654308 0.018344
1 0.497115 0.082198 0.657682 0.020091
1 0.496788 0.125747 0.656220 0.017470
1 0.495498 0.165711 0.655436 0.019217
1 0.497107 0.213711 0.655436 0.020091
1 0.500354 0.258706 0.658131 0.020964
1 0.498108 0.299116 0.655436 0.020091
1 0.499007 0.344032 0.653639 0.020648
1 0.497499 0.388516 0.655436 0.020964
1 0.495636 0.431662 0.653132 0.020091
1 0.498063 0.476211 0.653409 0.020091
1 0.496825 0.518591 0.655885 0.019868
1 0.498144 0.560297 0.658638 0.019013
1 0.498557 0.602687 0.657233 0.020964
1 0.499840 0.650351 0.654987 0.020091
1 0.497724 0.689912 0.655885 0.021838
1 0.500225 0.730007 0.653639 0.017767
1 0.497354 0.776749 0.652910 0.016461
1 0.497354 0.820165 0.657143 0.018519
1 0.500529 0.860391 0.652910 0.016461
