1 0.499999 0.286415 0.656783 0.020528
1 0.499251 0.327857 0.656105 0.020425
1 0.501180 0.371594 0.655436 0.020091
1 0.497454 0.416249 0.654308 0.018344
1 0.501348 0.456683 0.657682 0.020091
1 0.499963 0.506406 0.656220 0.017470
1 0.499730 0.546370 0.655436 0.019217
1 0.496049 0.590254 0.655436 0.020091
1 0.501413 0.635249 0.658131 0.020964
1 0.499166 0.679775 0.655436 0.020091
1 0.497948 0.720575 0.653639 0.020648
1 0.498557 0.760944 0.655436 0.020964
1 0.497753 0.804090 0.653132 0.020091
1 0.501238 0.846582 0.653409 0.020091
1 0.502116 0.891019 0.655885 0.019868
1 0.501319 0.934783 0.658638 0.019013
1 0.501732 0.979230 0.657233 0.020964
1 0.500898 0.030598 0.654987 0.020091
1 0.497724 0.077566 0.655885 0.021838
1 0.497050 0.114781 0.653639 0.017767
1 0.497354 0.156481 0.652910 0.016461
1 0.501587 0.204938 0.657143 0.018519
1 0.499471 0.247222 0.652910 0.016461
