1 0.496825 0.053498 0.656085 0.018519
1 0.498942 0.093621 0.649735 0.016461
1 0.498413 0.137860 0.652910 0.018519
1 0.498942 0.179012 0.653968 0.018519
1 0.499471 0.224280 0.652910 0.018519
1 0.497884 0.271605 0.649735 0.018519
1 0.498942 0.307613 0.649735 0.020576
1 0.503704 0.355967 0.652910 0.018519
1 0.497884 0.397119 0.651852 0.018519
1 0.498413 0.436214 0.650794 0.018519
1 0.496296 0.481481 0.652910 0.018519
1 0.500000 0.521605 0.649735 0.024691
1 0.498942 0.570988 0.651852 0.024691
1 0.496825 0.614198 0.651852 0.020576
1 0.497884 0.650206 0.658201 0.018519
1 0.493651 0.695473 0.656085 0.014403
1 0.496296 0.737654 0.652910 0.020576
1 0.496296 0.781893 0.652910 0.018519
1 0.501058 0.831276 0.653968 0.018519
1 0.498413 0.867284 0.655026 0.016461
1 0.500529 0.912551 0.650794 0.020576
1 0.502011 0.958848 0.657143 0.026749
0 0.499471 0.987654 0.652910 0.018519
0 0.497354 0.019547 0.635979 0.020576
