1 0.504542 0.035676 0.656105 0.020425
1 0.503297 0.081470 0.655436 0.020091
1 0.500629 0.122011 0.654308 0.018344
1 0.501348 0.168618 0.657682 0.020091
1 0.501021 0.212167 0.656220 0.017470
1 0.503963 0.256246 0.655436 0.019217
1 0.502398 0.291900 0.655436 0.020091
1 0.502471 0.338953 0.658131 0.020964
1 0.502341 0.381421 0.655436 0.020091
1 0.496890 0.422221 0.653639 0.020648
1 0.498557 0.468763 0.655436 0.020964
1 0.498811 0.511909 0.653132 0.020091
1 0.498063 0.556458 0.653409 0.020091
1 0.498942 0.598838 0.655885 0.019868
1 0.498144 0.640544 0.658638 0.019013
1 0.498557 0.682933 0.657233 0.020964
1 0.496666 0.726483 0.654987 0.020091
1 0.495607 0.766044 0.655885 0.021838
1 0.494934 0.812312 0.653639 0.017767
1 0.499471 0.861111 0.652910 0.016461
1 0.501058 0.900823 0.656085 0.015226
1 0.500529 0.939300 0.657143 0.024691
1 0.500000 0.987654 0.656085 0.018519
