1 0.499999 0.247320 0.656783 0.020528
1 0.497135 0.286705 0.656105 0.020425
1 0.499064 0.332499 0.655436 0.020091
1 0.499571 0.370982 0.654308 0.018344
1 0.501348 0.417589 0.657682 0.020091
1 0.502079 0.459081 0.656220 0.017470
1 0.500789 0.496987 0.655436 0.019217
1 0.499224 0.542929 0.655436 0.020091
1 0.500354 0.587924 0.658131 0.020964
1 0.498108 0.632449 0.655436 0.020091
1 0.497948 0.673250 0.653639 0.020648
1 0.499616 0.715676 0.655436 0.020964
1 0.497753 0.756765 0.653132 0.020091
1 0.499121 0.803372 0.653409 0.020091
1 0.502116 0.847810 0.655885 0.019868
1 0.503435 0.889515 0.658638 0.019013
1 0.502790 0.933962 0.657233 0.020964
1 0.499840 0.978232 0.654987 0.020091
1 0.499840 0.032299 0.655885 0.021838
1 0.500225 0.075686 0.653639 0.017767
1 0.496296 0.113272 0.652910 0.016461
1 0.498413 0.161728 0.657143 0.018519
1 0.499471 0.204012 0.652910 0.016461
