1 0.498942 0.104938 0.656085 0.018519
1 0.495767 0.151235 0.649735 0.016461
1 0.493122 0.189300 0.652910 0.018519
1 0.496825 0.234568 0.653968 0.018519
1 0.498413 0.277778 0.652910 0.018519
1 0.496825 0.323045 0.649735 0.018519
1 0.495767 0.369342 0.649735 0.020576
1 0.496296 0.413580 0.652910 0.018519
1 0.497884 0.454733 0.651852 0.018519
1 0.496296 0.495885 0.650794 0.018519
1 0.497354 0.534979 0.652910 0.018519
1 0.495767 0.577160 0.649735 0.024691
1 0.494709 0.620370 0.651852 0.024691
1 0.497884 0.663580 0.651852 0.020576
1 0.496296 0.711934 0.646561 0.018519
1 0.497884 0.752058 0.656085 0.024691
1 0.497354 0.799383 0.652910 0.020576
1 0.498413 0.841564 0.652910 0.018519
1 0.495767 0.886831 0.653968 0.018519
1 0.501587 0.931070 0.655026 0.016461
1 0.497354 0.974280 0.650794 0.020576
1 0.495767 0.063786 0.653968 0.026749
0 0.493651 0.014815 0.649735 0.020576
