1 0.502116 0.049383 0.656085 0.018519
1 0.500000 0.089506 0.649735 0.016461
1 0.498413 0.131687 0.652910 0.018519
1 0.497884 0.174897 0.653968 0.018519
1 0.498413 0.220165 0.652910 0.018519
1 0.501058 0.265432 0.649735 0.018519
1 0.496825 0.305556 0.649735 0.020576
1 0.500529 0.347737 0.652910 0.018519
1 0.496825 0.395062 0.651852 0.018519
1 0.496296 0.434156 0.650794 0.018519
1 0.498413 0.479424 0.652910 0.018519
1 0.497884 0.521605 0.649735 0.024691
1 0.497884 0.564815 0.651852 0.024691
1 0.500000 0.610082 0.651852 0.020576
1 0.500529 0.652263 0.646561 0.018519
1 0.503175 0.695473 0.656085 0.014403
1 0.500529 0.735597 0.652910 0.020576
1 0.500529 0.781893 0.652910 0.018519
1 0.502116 0.825103 0.653968 0.018519
1 0.504762 0.865226 0.655026 0.016461
1 0.502646 0.904321 0.650794 0.020576
0 0.497884 0.013066 0.653968 0.026749
1 0.502116 0.953498 0.649735 0.020576
1 0.498413 0.991409 0.648677 0.017798
