1 0.502115 0.239090 0.656783 0.020528
1 0.501368 0.282590 0.656105 0.020425
1 0.500122 0.326326 0.655436 0.020091
1 0.498512 0.370982 0.654308 0.018344
1 0.501348 0.411416 0.657682 0.020091
1 0.501021 0.459081 0.656220 0.017470
1 0.502905 0.499045 0.655436 0.019217
1 0.503457 0.547044 0.655436 0.020091
1 0.502471 0.583809 0.658131 0.020964
1 0.500225 0.628334 0.655436 0.020091
1 0.499007 0.671192 0.653639 0.020648
1 0.497499 0.713619 0.655436 0.020964
1 0.497753 0.758823 0.653132 0.020091
1 0.500180 0.807487 0.653409 0.020091
1 0.500000 0.845752 0.655885 0.019868
1 0.502377 0.887458 0.658638 0.019013
1 0.499616 0.927789 0.657233 0.020964
1 0.498782 0.973397 0.654987 0.020091
1 0.501957 0.023245 0.655885 0.021838
1 0.499166 0.065398 0.653639 0.017767
1 0.497354 0.111214 0.652910 0.016461
1 0.501587 0.151440 0.657143 0.018519
1 0.500529 0.193724 0.652910 0.016461
