1 0.498942 0.109053 0.656085 0.018519
1 0.496825 0.145062 0.649735 0.016461
1 0.496296 0.189300 0.652910 0.018519
1 0.500000 0.234568 0.653968 0.018519
1 0.499471 0.275720 0.652910 0.018519
1 0.497884 0.312757 0.649735 0.018519
1 0.498942 0.363169 0.649735 0.020576
1 0.500529 0.405350 0.652910 0.018519
1 0.502116 0.448560 0.651852 0.018519
1 0.498413 0.489712 0.650794 0.018519
1 0.495238 0.528807 0.652910 0.018519
1 0.498942 0.573045 0.649735 0.024691
1 0.497884 0.616255 0.651852 0.024691
1 0.496825 0.661523 0.651852 0.020576
1 0.499471 0.705761 0.646561 0.018519
1 0.496825 0.748971 0.656085 0.014403
1 0.496296 0.791152 0.652910 0.020576
1 0.497354 0.835391 0.652910 0.018519
1 0.495767 0.878601 0.653968 0.018519
1 0.502646 0.922840 0.655026 0.016461
1 0.503704 0.967387 0.650794 0.020576
1 0.495767 0.059671 0.653968 0.026749
1 0.494709 0.022737 0.649735 0.020576
