1 0.502115 0.210283 0.656783 0.020528
1 0.500309 0.255841 0.656105 0.020425
1 0.500122 0.303693 0.655436 0.020091
1 0.503803 0.346290 0.654308 0.018344
1 0.501348 0.384667 0.657682 0.020091
1 0.502079 0.424101 0.656220 0.017470
1 0.502905 0.470238 0.655436 0.019217
1 0.501340 0.516180 0.655436 0.020091
1 0.502471 0.552945 0.658131 0.020964
1 0.498108 0.597470 0.655436 0.020091
1 0.499007 0.648558 0.653639 0.020648
1 0.499616 0.690985 0.655436 0.020964
1 0.503044 0.732074 0.653132 0.020091
1 0.501238 0.774565 0.653409 0.020091
1 0.501058 0.821061 0.655885 0.019868
1 0.500261 0.858651 0.658638 0.019013
1 0.503848 0.907213 0.657233 0.020964
1 0.498782 0.945413 0.654987 0.020091
1 0.499166 0.036592 0.653639 0.017767
1 0.499471 0.080350 0.652910 0.016461
1 0.503704 0.122634 0.657143 0.018519
1 0.500529 0.171091 0.652910 0.016461
1 0.496825 0.988992 0.651852 0.022634
