1 0.494708 0.286415 0.656783 0.020528
1 0.497135 0.327857 0.656105 0.020425
1 0.494831 0.371594 0.655436 0.020091
1 0.497454 0.412134 0.654308 0.018344
1 0.499231 0.456683 0.657682 0.020091
1 0.497846 0.502291 0.656220 0.017470
1 0.496556 0.550485 0.655436 0.019217
1 0.497107 0.590254 0.655436 0.020091
1 0.499296 0.635249 0.658131 0.020964
1 0.493875 0.677717 0.655436 0.020091
1 0.494774 0.718517 0.653639 0.020648
1 0.498557 0.760944 0.655436 0.020964
1 0.494578 0.806148 0.653132 0.020091
1 0.495947 0.852754 0.653409 0.020091
1 0.497884 0.895135 0.655885 0.019868
1 0.497086 0.938898 0.658638 0.019013
1 0.501732 0.977172 0.657233 0.020964
1 0.496666 0.025043 0.654987 0.020091
1 0.496666 0.075509 0.655885 0.021838
1 0.494934 0.114781 0.653639 0.017767
1 0.496296 0.156481 0.652910 0.016461
1 0.499471 0.200823 0.657143 0.018519
1 0.494180 0.241049 0.652910 0.016461
