1 0.498942 0.084362 0.656085 0.018519
1 0.496825 0.124486 0.649735 0.016461
1 0.498413 0.166667 0.652910 0.018519
1 0.495767 0.209877 0.653968 0.018519
1 0.496296 0.253086 0.652910 0.018519
1 0.497884 0.298354 0.649735 0.018519
1 0.497884 0.340535 0.649735 0.020576
1 0.501587 0.380658 0.652910 0.018519
1 0.498942 0.425926 0.651852 0.018519
1 0.499471 0.467078 0.650794 0.018519
1 0.499471 0.516461 0.652910 0.018519
1 0.497884 0.560700 0.649735 0.024691
1 0.496825 0.599794 0.651852 0.024691
1 0.498942 0.643004 0.651852 0.020576
1 0.497354 0.687243 0.646561 0.018519
1 0.496825 0.730453 0.656085 0.014403
1 0.496296 0.768519 0.652910 0.020576
1 0.499471 0.814815 0.652910 0.018519
1 0.498942 0.864198 0.653968 0.018519
1 0.502646 0.902263 0.655026 0.016461
1 0.497354 0.947531 0.650794 0.020576
1 0.495767 0.043210 0.653968 0.026749
1 0.493651 0.990329 0.649735 0.020576
