1 0.497884 0.102881 0.656085 0.018519
1 0.498942 0.149177 0.649735 0.016461
1 0.497354 0.185185 0.652910 0.018519
1 0.496825 0.226337 0.653968 0.018519
1 0.498413 0.269547 0.652910 0.018519
1 0.500000 0.312757 0.649735 0.018519
1 0.497884 0.356996 0.649735 0.020576
1 0.501587 0.401235 0.652910 0.018519
1 0.497884 0.440329 0.651852 0.018519
1 0.499471 0.485597 0.650794 0.018519
1 0.501587 0.526749 0.652910 0.018519
1 0.501058 0.575103 0.649735 0.024691
1 0.497884 0.620370 0.651852 0.024691
1 0.503175 0.659465 0.651852 0.020576
1 0.495238 0.699588 0.646561 0.018519
1 0.498942 0.742798 0.656085 0.014403
1 0.498413 0.789095 0.652910 0.020576
1 0.498413 0.829218 0.652910 0.018519
1 0.502116 0.876543 0.653968 0.018519
1 0.500529 0.922840 0.655026 0.016461
1 0.497354 0.957819 0.650794 0.020576
0 0.503704 0.986728 0.657143 0.026749
1 0.496825 0.061728 0.653968 0.026749
0 0.501058 0.017490 0.653968 0.016461
