1 0.501057 0.152670 0.656783 0.020528
1 0.501368 0.194112 0.656105 0.020425
1 0.502239 0.233734 0.655436 0.020091
1 0.501687 0.280447 0.654308 0.018344
1 0.501348 0.320881 0.657682 0.020091
1 0.497846 0.366488 0.656220 0.017470
1 0.501847 0.408510 0.655436 0.019217
1 0.502398 0.448279 0.655436 0.020091
1 0.501413 0.495332 0.658131 0.020964
1 0.501283 0.535742 0.655436 0.020091
1 0.500065 0.576542 0.653639 0.020648
1 0.498557 0.627199 0.655436 0.020964
1 0.498811 0.666230 0.653132 0.020091
1 0.500180 0.710779 0.653409 0.020091
1 0.503175 0.753159 0.655885 0.019868
1 0.502377 0.796923 0.658638 0.019013
1 0.499616 0.843427 0.657233 0.020964
1 0.498782 0.882862 0.654987 0.020091
1 0.496666 0.924480 0.655885 0.021838
1 0.499166 0.968690 0.653639 0.017767
0 0.498413 0.018621 0.652910 0.016461
1 0.499471 0.058848 0.657143 0.018519
1 0.497354 0.111420 0.652910 0.016461
