1 0.500789 0.034359 0.655206 0.018985
1 0.501957 0.074069 0.656783 0.020528
1 0.502426 0.120038 0.656105 0.020425
1 0.499064 0.153487 0.655436 0.020091
1 0.496396 0.200200 0.654308 0.018344
1 0.500290 0.244749 0.657682 0.020091
1 0.502079 0.288299 0.656220 0.017470
1 0.498672 0.330320 0.655436 0.019217
1 0.501340 0.370089 0.655436 0.020091
1 0.501413 0.413027 0.658131 0.020964
1 0.500225 0.457552 0.655436 0.020091
1 0.501123 0.506583 0.653639 0.020648
1 0.497499 0.549010 0.655436 0.020964
1 0.495636 0.590098 0.653132 0.020091
1 0.501238 0.630532 0.653409 0.020091
1 0.497884 0.679085 0.655885 0.019868
1 0.498144 0.716676 0.658638 0.019013
1 0.498557 0.769353 0.657233 0.020964
1 0.496666 0.806730 0.654987 0.020091
1 0.497724 0.848348 0.655885 0.021838
1 0.498108 0.894616 0.653639 0.017767
1 0.498413 0.939300 0.652910 0.016461
1 0.497354 0.978601 0.657143 0.018519
