1 0.502014 0.039816 0.658466 0.019533
1 0.500122 0.086221 0.656334 0.022275
1 0.499730 0.124894 0.655206 0.018985
1 0.499840 0.170777 0.656783 0.020528
1 0.501368 0.208515 0.656105 0.020425
1 0.499064 0.258425 0.655436 0.020091
1 0.498512 0.294850 0.654308 0.018344
1 0.499231 0.339399 0.657682 0.020091
1 0.499963 0.387064 0.656220 0.017470
1 0.498672 0.422913 0.655436 0.019217
1 0.499224 0.466797 0.655436 0.020091
1 0.500354 0.507677 0.658131 0.020964
1 0.494934 0.554260 0.655436 0.020091
1 0.499007 0.601233 0.653639 0.020648
1 0.498557 0.641602 0.655436 0.020964
1 0.496694 0.688864 0.653132 0.020091
1 0.497005 0.727240 0.653409 0.020091
1 0.497884 0.771678 0.655885 0.019868
1 0.501319 0.813384 0.658638 0.019013
1 0.499616 0.855773 0.657233 0.020964
1 0.500898 0.905495 0.654987 0.020091
1 0.500898 0.947114 0.655885 0.021838
1 0.499166 0.991324 0.653639 0.017767
