1 0.497884 0.076132 0.656085 0.018519
1 0.496825 0.112140 0.649735 0.016461
1 0.497354 0.158436 0.652910 0.018519
1 0.494709 0.199588 0.653968 0.018519
1 0.499471 0.244856 0.652910 0.018519
1 0.497884 0.290123 0.649735 0.018519
1 0.496825 0.336420 0.649735 0.020576
1 0.501587 0.380658 0.652910 0.018519
1 0.498942 0.423868 0.651852 0.018519
1 0.499471 0.467078 0.650794 0.018519
1 0.500529 0.508230 0.652910 0.018519
1 0.500000 0.554527 0.649735 0.024691
1 0.496825 0.597737 0.651852 0.024691
1 0.500000 0.636831 0.651852 0.020576
1 0.494180 0.683128 0.646561 0.018519
1 0.495767 0.722222 0.656085 0.014403
1 0.493122 0.766461 0.652910 0.020576
1 0.499471 0.810700 0.652910 0.018519
1 0.500000 0.855967 0.653968 0.018519
1 0.503704 0.891975 0.655026 0.016461
1 0.500529 0.933128 0.650794 0.020576
1 0.497884 0.028807 0.653968 0.026749
0 0.493651 0.984568 0.649735 0.020576
