1 0.498782 0.913987 0.656783 0.020528
1 0.496077 0.953371 0.656105 0.020425
0 0.498006 0.019742 0.655436 0.020091
1 0.494280 0.056167 0.654308 0.018344
1 0.498173 0.096601 0.657682 0.020091
1 0.497846 0.133978 0.656220 0.017470
1 0.496556 0.182172 0.655436 0.019217
1 0.497107 0.219884 0.655436 0.020091
1 0.500354 0.268994 0.658131 0.020964
1 0.498108 0.309404 0.655436 0.020091
1 0.499007 0.354320 0.653639 0.020648
1 0.497499 0.396746 0.655436 0.020964
1 0.495636 0.435777 0.653132 0.020091
1 0.500180 0.480327 0.653409 0.020091
1 0.496825 0.526822 0.655885 0.019868
1 0.498144 0.568528 0.658638 0.019013
1 0.497499 0.615032 0.657233 0.020964
1 0.498782 0.654467 0.654987 0.020091
1 0.498782 0.700200 0.655885 0.021838
1 0.500225 0.740295 0.653639 0.017767
1 0.495238 0.782922 0.652910 0.016461
1 0.493122 0.828395 0.657143 0.018519
1 0.496296 0.870679 0.652910 0.016461
