1 0.498006 0.028608 0.656334 0.022275
1 0.500789 0.073453 0.655206 0.018985
1 0.501957 0.117279 0.656783 0.020528
1 0.502426 0.152960 0.656105 0.020425
1 0.500122 0.200812 0.655436 0.020091
1 0.501687 0.241352 0.654308 0.018344
1 0.499231 0.281786 0.657682 0.020091
1 0.504195 0.329451 0.656220 0.017470
1 0.500789 0.375588 0.655436 0.019217
1 0.500282 0.417414 0.655436 0.020091
1 0.501413 0.456237 0.658131 0.020964
1 0.502341 0.496647 0.655436 0.020091
1 0.501123 0.545678 0.653639 0.020648
1 0.498557 0.588104 0.655436 0.020964
1 0.496694 0.631250 0.653132 0.020091
1 0.497005 0.669627 0.653409 0.020091
1 0.500000 0.714065 0.655885 0.019868
1 0.501319 0.761943 0.658638 0.019013
1 0.497499 0.798160 0.657233 0.020964
1 0.498782 0.845825 0.654987 0.020091
1 0.496666 0.891558 0.655885 0.021838
1 0.499166 0.933711 0.653639 0.017767
1 0.497354 0.978395 0.652910 0.016461
