1 0.501057 0.278184 0.656783 0.020528
1 0.500309 0.317569 0.656105 0.020425
1 0.498006 0.365421 0.655436 0.020091
1 0.501687 0.408019 0.654308 0.018344
1 0.502406 0.442280 0.657682 0.020091
1 0.498904 0.489945 0.656220 0.017470
1 0.499730 0.536082 0.655436 0.019217
1 0.498166 0.579966 0.655436 0.020091
1 0.503529 0.620846 0.658131 0.020964
1 0.500225 0.667429 0.655436 0.020091
1 0.501123 0.710287 0.653639 0.020648
1 0.501732 0.750656 0.655436 0.020964
1 0.499869 0.795860 0.653132 0.020091
1 0.498063 0.836294 0.653409 0.020091
1 0.501058 0.882789 0.655885 0.019868
1 0.501319 0.924495 0.658638 0.019013
1 0.497724 0.018253 0.654987 0.020091
1 0.499840 0.065221 0.655885 0.021838
1 0.499166 0.102435 0.653639 0.017767
1 0.498413 0.148251 0.652910 0.016461
1 0.502646 0.192593 0.657143 0.018519
1 0.499471 0.234877 0.652910 0.016461
1 0.496825 0.968107 0.649735 0.024691
