1 0.499999 0.243205 0.656783 0.020528
1 0.498193 0.292878 0.656105 0.020425
1 0.499064 0.328384 0.655436 0.020091
1 0.501687 0.375097 0.654308 0.018344
1 0.501348 0.417589 0.657682 0.020091
1 0.498904 0.463196 0.656220 0.017470
1 0.500789 0.505218 0.655436 0.019217
1 0.501340 0.544986 0.655436 0.020091
1 0.502471 0.594097 0.658131 0.020964
1 0.503399 0.638622 0.655436 0.020091
1 0.502181 0.679423 0.653639 0.020648
1 0.500674 0.719792 0.655436 0.020964
1 0.496694 0.760880 0.653132 0.020091
1 0.497005 0.801314 0.653409 0.020091
1 0.501058 0.847810 0.655885 0.019868
1 0.500261 0.889515 0.658638 0.019013
1 0.498557 0.938077 0.657233 0.020964
1 0.500898 0.985948 0.654987 0.020091
1 0.495607 0.034356 0.655885 0.021838
1 0.499166 0.075686 0.653639 0.017767
1 0.495238 0.121502 0.652910 0.016461
1 0.499471 0.163786 0.657143 0.018519
1 0.496296 0.201955 0.652910 0.016461
