1 0.498942 0.090535 0.656085 0.018519
1 0.495767 0.134774 0.649735 0.016461
1 0.493122 0.176955 0.652910 0.018519
1 0.493651 0.222222 0.653968 0.018519
1 0.498413 0.267490 0.652910 0.018519
1 0.494709 0.308642 0.649735 0.018519
1 0.495767 0.354938 0.649735 0.020576
1 0.494180 0.397119 0.652910 0.018519
1 0.496825 0.438272 0.651852 0.018519
1 0.494180 0.483539 0.650794 0.018519
1 0.496296 0.522634 0.652910 0.018519
1 0.493651 0.566872 0.649735 0.024691
1 0.495767 0.605967 0.651852 0.024691
1 0.496825 0.651235 0.651852 0.020576
1 0.495238 0.695473 0.646561 0.018519
1 0.501058 0.736626 0.656085 0.014403
1 0.495238 0.776749 0.652910 0.020576
1 0.496296 0.820988 0.652910 0.018519
1 0.496825 0.868313 0.653968 0.018519
1 0.498413 0.908436 0.655026 0.016461
1 0.497354 0.951646 0.650794 0.020576
1 0.497884 0.051440 0.653968 0.026749
1 0.497884 0.009362 0.649735 0.020576
0 0.499471 0.987654 0.655026 0.018519
