1 0.504232 0.191765 0.656783 0.020528
1 0.505600 0.233207 0.656105 0.020425
1 0.500122 0.274886 0.655436 0.020091
1 0.504862 0.315426 0.654308 0.018344
1 0.502406 0.364091 0.657682 0.020091
1 0.506312 0.407640 0.656220 0.017470
1 0.501847 0.445547 0.655436 0.019217
1 0.502398 0.491488 0.655436 0.020091
1 0.502471 0.532369 0.658131 0.020964
1 0.500225 0.574836 0.655436 0.020091
1 0.503239 0.623867 0.653639 0.020648
1 0.502790 0.664236 0.655436 0.020964
1 0.501985 0.705325 0.653132 0.020091
1 0.504412 0.745759 0.653409 0.020091
1 0.504233 0.792254 0.655885 0.019868
1 0.503435 0.836017 0.658638 0.019013
1 0.502790 0.880464 0.657233 0.020964
1 0.504073 0.924837 0.654987 0.020091
1 0.499166 0.020131 0.653639 0.017767
1 0.501587 0.061831 0.652910 0.016461
1 0.503704 0.110288 0.657143 0.018519
1 0.500529 0.152572 0.652910 0.016461
1 0.503175 0.966152 0.651852 0.022634
