1 0.500000 0.131687 0.656085 0.018519
1 0.496825 0.177984 0.649735 0.016461
1 0.496296 0.218107 0.652910 0.018519
1 0.500000 0.257202 0.653968 0.018519
1 0.501587 0.298354 0.652910 0.018519
1 0.500000 0.341564 0.649735 0.018519
1 0.503175 0.385802 0.649735 0.020576
1 0.500529 0.430041 0.652910 0.018519
1 0.502116 0.475309 0.651852 0.018519
1 0.498413 0.516461 0.650794 0.018519
1 0.495238 0.559671 0.652910 0.018519
1 0.498942 0.605967 0.649735 0.024691
1 0.497884 0.645062 0.651852 0.024691
1 0.496825 0.688272 0.651852 0.020576
1 0.500529 0.732510 0.646561 0.018519
1 0.497884 0.773663 0.656085 0.014403
1 0.496296 0.815844 0.652910 0.020576
1 0.497354 0.858025 0.652910 0.018519
1 0.497884 0.901235 0.653968 0.018519
1 0.502646 0.943416 0.655026 0.016461
1 0.500529 0.983848 0.650794 0.020576
1 0.495767 0.082305 0.653968 0.026749
1 0.493651 0.043313 0.649735 0.020576
