1 0.503015 0.031271 0.656783 0.020528
1 0.501368 0.076828 0.656105 0.020425
1 0.501180 0.118507 0.655436 0.020091
1 0.500629 0.159048 0.654308 0.018344
1 0.502406 0.201539 0.657682 0.020091
1 0.502079 0.243031 0.656220 0.017470
1 0.502905 0.287111 0.655436 0.019217
1 0.499224 0.333052 0.655436 0.020091
1 0.504587 0.378048 0.658131 0.020964
1 0.501283 0.422573 0.655436 0.020091
1 0.500065 0.463373 0.653639 0.020648
1 0.499616 0.501685 0.655436 0.020964
1 0.500927 0.548946 0.653132 0.020091
1 0.500180 0.589380 0.653409 0.020091
1 0.500000 0.633818 0.655885 0.019868
1 0.502377 0.679639 0.658638 0.019013
1 0.500674 0.724086 0.657233 0.020964
1 0.500898 0.765578 0.654987 0.020091
1 0.500898 0.805138 0.655885 0.021838
1 0.499166 0.849349 0.653639 0.017767
1 0.498413 0.894033 0.652910 0.016461
1 0.499471 0.937449 0.657143 0.018519
1 0.499471 0.985905 0.652910 0.016461
