1 0.498941 0.216456 0.656783 0.020528
1 0.500309 0.257898 0.656105 0.020425
1 0.498006 0.301635 0.655436 0.020091
1 0.497454 0.344233 0.654308 0.018344
1 0.498173 0.388782 0.657682 0.020091
1 0.498904 0.428216 0.656220 0.017470
1 0.497614 0.468181 0.655436 0.019217
1 0.498166 0.516180 0.655436 0.020091
1 0.499296 0.561175 0.658131 0.020964
1 0.501283 0.603643 0.655436 0.020091
1 0.497948 0.642386 0.653639 0.020648
1 0.498557 0.688927 0.655436 0.020964
1 0.496694 0.730016 0.653132 0.020091
1 0.497005 0.770450 0.653409 0.020091
1 0.501058 0.814888 0.655885 0.019868
1 0.500261 0.854536 0.658638 0.019013
1 0.498557 0.905156 0.657233 0.020964
1 0.499840 0.946853 0.654987 0.020091
0 0.494549 0.010900 0.655885 0.021838
1 0.495992 0.046880 0.653639 0.017767
1 0.496296 0.080350 0.652910 0.016461
1 0.497354 0.124691 0.657143 0.018519
1 0.495238 0.171091 0.652910 0.016461
0 0.500000 0.985597 0.651852 0.022634
