0 0.499251 0.986293 0.656105 0.020425
1 0.502239 0.048549 0.655436 0.020091
1 0.499571 0.095262 0.654308 0.018344
1 0.500290 0.137753 0.657682 0.020091
1 0.499963 0.175130 0.656220 0.017470
1 0.497614 0.221267 0.655436 0.019217
1 0.500282 0.267209 0.655436 0.020091
1 0.503529 0.310146 0.658131 0.020964
1 0.502341 0.354672 0.655436 0.020091
1 0.501123 0.395472 0.653639 0.020648
1 0.501732 0.433783 0.655436 0.020964
1 0.499869 0.474872 0.653132 0.020091
1 0.503354 0.525594 0.653409 0.020091
1 0.498942 0.565917 0.655885 0.019868
1 0.499203 0.607622 0.658638 0.019013
1 0.499616 0.652069 0.657233 0.020964
1 0.497724 0.695619 0.654987 0.020091
1 0.501957 0.741352 0.655885 0.021838
1 0.497050 0.783505 0.653639 0.017767
1 0.496296 0.826132 0.652910 0.016461
1 0.498942 0.863786 0.656085 0.015226
1 0.498413 0.904321 0.657143 0.024691
1 0.501058 0.954012 0.656085 0.014403
