1 0.497884 0.076132 0.656085 0.018519
1 0.496825 0.112140 0.649735 0.016461
1 0.497354 0.158436 0.652910 0.018519
1 0.494709 0.199588 0.653968 0.018519
1 0.499471 0.244856 0.652910 0.018519
1 0.497884 0.290123 0.649735 0.018519
1 0.496825 0.326132 0.649735 0.020576
1 0.501587 0.372428 0.652910 0.018519
1 0.498942 0.413580 0.651852 0.018519
1 0.499471 0.458848 0.650794 0.018519
1 0.499471 0.504115 0.652910 0.018519
1 0.498942 0.544239 0.649735 0.024691
1 0.496825 0.589506 0.651852 0.024691
1 0.498942 0.624486 0.651852 0.020576
1 0.493122 0.668724 0.646561 0.018519
1 0.496825 0.713992 0.656085 0.014403
1 0.493122 0.762346 0.652910 0.020576
1 0.499471 0.800412 0.652910 0.018519
1 0.498942 0.843621 0.653968 0.018519
1 0.503704 0.891975 0.655026 0.016461
1 0.500529 0.933128 0.650794 0.020576
1 0.497884 0.028807 0.653968 0.026749
1 0.492593 0.974280 0.649735 0.020576
