1 0.496825 0.098765 0.656085 0.018519
1 0.494709 0.145062 0.649735 0.016461
1 0.491005 0.191358 0.652910 0.018519
1 0.495767 0.232510 0.653968 0.018519
1 0.495238 0.273663 0.652910 0.018519
1 0.493651 0.314815 0.649735 0.018519
1 0.493651 0.359053 0.649735 0.020576
1 0.496296 0.399177 0.652910 0.018519
1 0.497884 0.446502 0.651852 0.018519
1 0.495238 0.489712 0.650794 0.018519
1 0.496296 0.530864 0.652910 0.018519
1 0.497884 0.568930 0.649735 0.024691
1 0.495767 0.614198 0.651852 0.024691
1 0.498942 0.663580 0.651852 0.020576
1 0.495238 0.699588 0.646561 0.018519
1 0.498942 0.745885 0.656085 0.024691
1 0.499471 0.787037 0.652910 0.020576
1 0.497354 0.831276 0.652910 0.018519
1 0.500000 0.872428 0.653968 0.018519
1 0.500529 0.914609 0.655026 0.016461
1 0.498413 0.957819 0.650794 0.020576
1 0.495767 0.055556 0.653968 0.026749
1 0.492593 0.020988 0.649735 0.020576
