1 0.503174 0.284357 0.656783 0.020528
1 0.500309 0.329915 0.656105 0.020425
1 0.505413 0.379824 0.655436 0.020091
1 0.504862 0.418307 0.654308 0.018344
1 0.505581 0.460799 0.657682 0.020091
1 0.503137 0.506406 0.656220 0.017470
1 0.501847 0.546370 0.655436 0.019217
1 0.497107 0.586139 0.655436 0.020091
1 0.501413 0.631134 0.658131 0.020964
1 0.500225 0.677717 0.655436 0.020091
1 0.502181 0.714402 0.653639 0.020648
1 0.501732 0.760944 0.655436 0.020964
1 0.498811 0.804090 0.653132 0.020091
1 0.499121 0.850697 0.653409 0.020091
1 0.501058 0.888962 0.655885 0.019868
1 0.501319 0.932725 0.658638 0.019013
1 0.499616 0.979641 0.657233 0.020964
1 0.499840 0.077566 0.655885 0.021838
1 0.501283 0.118896 0.653639 0.017767
1 0.497354 0.160597 0.652910 0.016461
1 0.503704 0.204938 0.657143 0.018519
1 0.498413 0.249280 0.652910 0.016461
1 0.498413 0.038066 0.652910 0.020576
