1 0.497884 0.072016 0.656085 0.018519
1 0.496825 0.118313 0.649735 0.016461
1 0.497354 0.158436 0.652910 0.018519
1 0.494709 0.199588 0.653968 0.018519
1 0.499471 0.244856 0.652910 0.018519
1 0.497884 0.290123 0.649735 0.018519
1 0.497884 0.330247 0.649735 0.020576
1 0.501587 0.372428 0.652910 0.018519
1 0.498942 0.413580 0.651852 0.018519
1 0.499471 0.458848 0.650794 0.018519
1 0.499471 0.504115 0.652910 0.018519
1 0.498942 0.550412 0.649735 0.024691
1 0.496825 0.589506 0.651852 0.024691
1 0.498942 0.634774 0.651852 0.020576
1 0.497354 0.676955 0.646561 0.018519
1 0.496825 0.722222 0.656085 0.014403
1 0.496296 0.760288 0.652910 0.020576
1 0.499471 0.804527 0.652910 0.018519
1 0.498942 0.847737 0.653968 0.018519
1 0.502646 0.896091 0.655026 0.016461
1 0.500529 0.935185 0.650794 0.020576
1 0.497884 0.032922 0.653968 0.026749
1 0.493651 0.982510 0.649735 0.020576
