1 0.497884 0.133745 0.656085 0.018519
1 0.494709 0.173868 0.649735 0.016461
1 0.493122 0.216049 0.652910 0.018519
1 0.498942 0.257202 0.653968 0.018519
1 0.499471 0.298354 0.652910 0.018519
1 0.494709 0.341564 0.649735 0.018519
1 0.496825 0.385802 0.649735 0.020576
1 0.496296 0.427984 0.652910 0.018519
1 0.497884 0.475309 0.651852 0.018519
1 0.496296 0.516461 0.650794 0.018519
1 0.496296 0.553498 0.652910 0.018519
1 0.496825 0.599794 0.649735 0.024691
1 0.497884 0.643004 0.651852 0.024691
1 0.500000 0.686214 0.651852 0.020576
1 0.495238 0.726337 0.646561 0.018519
1 0.498942 0.774691 0.656085 0.024691
1 0.501587 0.813786 0.652910 0.020576
1 0.499471 0.855967 0.652910 0.018519
1 0.500000 0.901235 0.653968 0.018519
1 0.501587 0.943416 0.655026 0.016461
1 0.496296 0.988683 0.650794 0.020576
1 0.495767 0.084362 0.653968 0.026749
1 0.493651 0.041564 0.649735 0.020576
