1 0.502115 0.282300 0.656783 0.020528
1 0.499251 0.323742 0.656105 0.020425
1 0.501180 0.369536 0.655436 0.020091
1 0.501687 0.412134 0.654308 0.018344
1 0.502406 0.452568 0.657682 0.020091
1 0.499963 0.498175 0.656220 0.017470
1 0.499730 0.540197 0.655436 0.019217
1 0.500282 0.584081 0.655436 0.020091
1 0.501413 0.624961 0.658131 0.020964
1 0.500225 0.669486 0.655436 0.020091
1 0.500065 0.710287 0.653639 0.020648
1 0.501732 0.756829 0.655436 0.020964
1 0.498811 0.799975 0.653132 0.020091
1 0.501238 0.844524 0.653409 0.020091
1 0.502116 0.882789 0.655885 0.019868
1 0.501319 0.928610 0.658638 0.019013
1 0.500898 0.024425 0.654987 0.020091
1 0.503015 0.067278 0.655885 0.021838
1 0.499166 0.110666 0.653639 0.017767
1 0.499471 0.156481 0.652910 0.016461
1 0.502646 0.198765 0.657143 0.018519
1 0.499471 0.238992 0.652910 0.016461
1 0.501058 0.971296 0.649735 0.024691
