1 0.504073 0.064193 0.656783 0.020528
1 0.501368 0.103577 0.656105 0.020425
1 0.501180 0.147314 0.655436 0.020091
1 0.501687 0.187854 0.654308 0.018344
1 0.504522 0.234461 0.657682 0.020091
1 0.502079 0.275953 0.656220 0.017470
1 0.501847 0.317975 0.655436 0.019217
1 0.502398 0.361859 0.655436 0.020091
1 0.504587 0.408912 0.658131 0.020964
1 0.503399 0.451379 0.655436 0.020091
1 0.500065 0.492180 0.653639 0.020648
1 0.500674 0.536664 0.655436 0.020964
1 0.500927 0.581868 0.653132 0.020091
1 0.501238 0.622302 0.653409 0.020091
1 0.500000 0.662624 0.655885 0.019868
1 0.501319 0.708445 0.658638 0.019013
1 0.499616 0.748777 0.657233 0.020964
1 0.500898 0.792327 0.654987 0.020091
1 0.504073 0.840118 0.655885 0.021838
1 0.501283 0.882271 0.653639 0.017767
1 0.496296 0.931070 0.652910 0.016461
1 0.500529 0.968313 0.657143 0.018519
1 0.500529 0.020885 0.652910 0.016461
