1 0.494708 0.290530 0.656783 0.020528
1 0.497135 0.329915 0.656105 0.020425
1 0.494831 0.375709 0.655436 0.020091
1 0.496396 0.420365 0.654308 0.018344
1 0.498173 0.458741 0.657682 0.020091
1 0.498904 0.504348 0.656220 0.017470
1 0.496556 0.544312 0.655436 0.019217
1 0.498166 0.594369 0.655436 0.020091
1 0.500354 0.631134 0.658131 0.020964
1 0.494934 0.673602 0.655436 0.020091
1 0.494774 0.720575 0.653639 0.020648
1 0.497499 0.760944 0.655436 0.020964
1 0.494578 0.804090 0.653132 0.020091
1 0.491714 0.844524 0.653409 0.020091
1 0.497884 0.888962 0.655885 0.019868
1 0.498144 0.932725 0.658638 0.019013
1 0.501732 0.983345 0.657233 0.020964
0 0.499840 0.022985 0.654987 0.020091
1 0.499840 0.069336 0.655885 0.021838
1 0.494934 0.114781 0.653639 0.017767
1 0.496296 0.156481 0.652910 0.016461
1 0.499471 0.206996 0.657143 0.018519
1 0.493122 0.243107 0.652910 0.016461
