1 0.498839 0.027470 0.658466 0.019533
1 0.500122 0.073876 0.656334 0.022275
1 0.499730 0.114605 0.655206 0.018985
1 0.500898 0.158431 0.656783 0.020528
1 0.501368 0.202343 0.656105 0.020425
1 0.500122 0.244022 0.655436 0.020091
1 0.500629 0.290735 0.654308 0.018344
1 0.499231 0.329111 0.657682 0.020091
1 0.499963 0.376776 0.656220 0.017470
1 0.498672 0.416740 0.655436 0.019217
1 0.501340 0.458567 0.655436 0.020091
1 0.501413 0.501504 0.658131 0.020964
1 0.501283 0.546030 0.655436 0.020091
1 0.499007 0.586830 0.653639 0.020648
1 0.501732 0.631314 0.655436 0.020964
1 0.500927 0.676518 0.653132 0.020091
1 0.499121 0.716952 0.653409 0.020091
1 0.500000 0.753159 0.655885 0.019868
1 0.501319 0.803095 0.658638 0.019013
1 0.501732 0.847543 0.657233 0.020964
1 0.503015 0.893150 0.654987 0.020091
1 0.500898 0.938883 0.655885 0.021838
1 0.500225 0.977229 0.653639 0.017767
