1 0.500898 0.037032 0.656783 0.020528
1 0.502426 0.089174 0.656105 0.020425
1 0.499064 0.128796 0.655436 0.020091
1 0.497454 0.175509 0.654308 0.018344
1 0.499231 0.215943 0.657682 0.020091
1 0.498904 0.255377 0.656220 0.017470
1 0.499730 0.303571 0.655436 0.019217
1 0.502398 0.345398 0.655436 0.020091
1 0.503529 0.390393 0.658131 0.020964
1 0.500225 0.426688 0.655436 0.020091
1 0.500065 0.473661 0.653639 0.020648
1 0.498557 0.518146 0.655436 0.020964
1 0.497753 0.557176 0.653132 0.020091
1 0.499121 0.599668 0.653409 0.020091
1 0.496825 0.642048 0.655885 0.019868
1 0.501319 0.687869 0.658638 0.019013
1 0.498557 0.730259 0.657233 0.020964
1 0.492433 0.775866 0.654987 0.020091
1 0.495607 0.817484 0.655885 0.021838
1 0.492817 0.861694 0.653639 0.017767
1 0.495238 0.906379 0.652910 0.016461
1 0.497354 0.945679 0.657143 0.018519
1 0.501058 0.986626 0.649735 0.016461
