1 0.496825 0.133745 0.656085 0.018519
1 0.497884 0.177984 0.649735 0.016461
1 0.498413 0.218107 0.652910 0.018519
1 0.501058 0.263374 0.653968 0.018519
1 0.498413 0.306584 0.652910 0.018519
1 0.497884 0.347737 0.649735 0.018519
1 0.498942 0.387860 0.649735 0.020576
1 0.501587 0.432099 0.652910 0.018519
1 0.500000 0.479424 0.651852 0.018519
1 0.501587 0.520576 0.650794 0.018519
1 0.500529 0.559671 0.652910 0.018519
1 0.500000 0.605967 0.649735 0.024691
1 0.503175 0.647119 0.651852 0.024691
1 0.503175 0.694444 0.651852 0.020576
1 0.502646 0.773663 0.646561 0.018519
1 0.502116 0.733539 0.656085 0.024691
1 0.501587 0.824074 0.652910 0.020576
1 0.502646 0.868313 0.652910 0.018519
1 0.502116 0.909465 0.653968 0.018519
1 0.504762 0.952675 0.655026 0.016461
0 0.494180 0.017695 0.650794 0.020576
1 0.495767 0.090535 0.653968 0.026749
1 0.494709 0.051852 0.649735 0.020576
