1 0.502014 0.033643 0.658466 0.019533
1 0.500122 0.069760 0.656334 0.022275
1 0.499730 0.114605 0.655206 0.018985
1 0.499840 0.162547 0.656783 0.020528
1 0.501368 0.206458 0.656105 0.020425
1 0.499064 0.246080 0.655436 0.020091
1 0.498512 0.288677 0.654308 0.018344
1 0.496057 0.331169 0.657682 0.020091
1 0.501021 0.376776 0.656220 0.017470
1 0.498672 0.420855 0.655436 0.019217
1 0.500282 0.462682 0.655436 0.020091
1 0.498238 0.507677 0.658131 0.020964
1 0.494934 0.548087 0.655436 0.020091
1 0.496890 0.590945 0.653639 0.020648
1 0.502790 0.635430 0.655436 0.020964
1 0.497753 0.674460 0.653132 0.020091
1 0.495947 0.721067 0.653409 0.020091
1 0.497884 0.765505 0.655885 0.019868
1 0.503435 0.809268 0.658638 0.019013
1 0.501732 0.855773 0.657233 0.020964
1 0.499840 0.889034 0.654987 0.020091
1 0.498782 0.936825 0.655885 0.021838
1 0.499166 0.982888 0.653639 0.017767
