1 0.493651 0.115226 0.656085 0.018519
1 0.491534 0.163580 0.649735 0.016461
1 0.493122 0.207819 0.652910 0.018519
1 0.495767 0.248971 0.653968 0.018519
1 0.492063 0.290123 0.652910 0.018519
1 0.491534 0.331276 0.649735 0.018519
1 0.492593 0.377572 0.649735 0.020576
1 0.493122 0.413580 0.652910 0.018519
1 0.491534 0.462963 0.651852 0.018519
1 0.494180 0.504115 0.650794 0.018519
1 0.496296 0.543210 0.652910 0.018519
1 0.496825 0.589506 0.649735 0.024691
1 0.496825 0.636831 0.651852 0.024691
1 0.498942 0.677984 0.651852 0.020576
1 0.498413 0.763374 0.646561 0.018519
1 0.502116 0.719136 0.656085 0.024691
1 0.500529 0.805556 0.652910 0.020576
1 0.498413 0.855967 0.652910 0.018519
1 0.501058 0.897119 0.653968 0.018519
1 0.502646 0.939300 0.655026 0.016461
1 0.499471 0.988683 0.650794 0.020576
1 0.493651 0.072016 0.653968 0.026749
1 0.490476 0.031276 0.649735 0.020576
