1 0.503174 0.204110 0.656783 0.020528
1 0.504542 0.253783 0.656105 0.020425
1 0.501180 0.289289 0.655436 0.020091
1 0.502745 0.344233 0.654308 0.018344
1 0.501348 0.382609 0.657682 0.020091
1 0.501021 0.419986 0.656220 0.017470
1 0.501847 0.464065 0.655436 0.019217
1 0.500282 0.512065 0.655436 0.020091
1 0.502471 0.555002 0.658131 0.020964
1 0.500225 0.593355 0.655436 0.020091
1 0.500065 0.640328 0.653639 0.020648
1 0.500674 0.684812 0.655436 0.020964
1 0.498811 0.725901 0.653132 0.020091
1 0.501238 0.768392 0.653409 0.020091
1 0.500000 0.810772 0.655885 0.019868
1 0.501319 0.854536 0.658638 0.019013
1 0.499616 0.898983 0.657233 0.020964
1 0.498782 0.938417 0.654987 0.020091
0 0.499840 0.988266 0.655885 0.021838
1 0.499166 0.042764 0.653639 0.017767
1 0.497354 0.076235 0.652910 0.016461
1 0.501587 0.124691 0.657143 0.018519
1 0.499471 0.164918 0.652910 0.016461
