1 0.493651 0.106996 0.656085 0.018519
1 0.491534 0.149177 0.649735 0.016461
1 0.491005 0.195473 0.652910 0.018519
1 0.495767 0.234568 0.653968 0.018519
1 0.492063 0.281893 0.652910 0.018519
1 0.491534 0.318930 0.649735 0.018519
1 0.491534 0.361111 0.649735 0.020576
1 0.493122 0.405350 0.652910 0.018519
1 0.491534 0.446502 0.651852 0.018519
1 0.494180 0.491770 0.650794 0.018519
1 0.497354 0.537037 0.652910 0.018519
1 0.497884 0.577160 0.649735 0.024691
1 0.496825 0.622428 0.651852 0.024691
1 0.498942 0.663580 0.651852 0.020576
1 0.498413 0.753086 0.646561 0.018519
1 0.504233 0.708848 0.656085 0.024691
1 0.500529 0.793210 0.652910 0.020576
1 0.498413 0.837449 0.652910 0.018519
1 0.501058 0.880658 0.653968 0.018519
1 0.503704 0.924897 0.655026 0.016461
1 0.501587 0.963477 0.650794 0.020576
1 0.493651 0.063786 0.653968 0.026749
0 0.495767 0.027160 0.649735 0.020576
