1 0.501057 0.234975 0.656783 0.020528
1 0.502426 0.276417 0.656105 0.020425
1 0.498006 0.320154 0.655436 0.020091
1 0.497454 0.360694 0.654308 0.018344
1 0.496057 0.407301 0.657682 0.020091
1 0.499963 0.448793 0.656220 0.017470
1 0.495498 0.494929 0.655436 0.019217
1 0.497107 0.534698 0.655436 0.020091
1 0.496122 0.579694 0.658131 0.020964
1 0.494934 0.624219 0.655436 0.020091
1 0.496890 0.669135 0.653639 0.020648
1 0.495383 0.711561 0.655436 0.020964
1 0.497753 0.754707 0.653132 0.020091
1 0.498063 0.797199 0.653409 0.020091
1 0.497884 0.839579 0.655885 0.019868
1 0.500261 0.879227 0.658638 0.019013
1 0.501732 0.917501 0.657233 0.020964
1 0.500898 0.969487 0.654987 0.020091
1 0.500898 0.017895 0.655885 0.021838
1 0.501283 0.063341 0.653639 0.017767
1 0.497354 0.107099 0.652910 0.016461
1 0.498413 0.151440 0.657143 0.018519
1 0.498413 0.189609 0.652910 0.016461
