1 0.503175 0.055556 0.656085 0.018519
1 0.498942 0.101852 0.649735 0.016461
1 0.504762 0.144033 0.652910 0.018519
1 0.502116 0.181070 0.653968 0.018519
1 0.501587 0.226337 0.652910 0.018519
1 0.501058 0.267490 0.649735 0.018519
1 0.501058 0.315844 0.649735 0.020576
1 0.502646 0.358025 0.652910 0.018519
1 0.503175 0.397119 0.651852 0.018519
1 0.498413 0.442387 0.650794 0.018519
1 0.502646 0.484568 0.659259 0.020576
1 0.497354 0.529835 0.644444 0.020576
1 0.498942 0.568930 0.647619 0.020576
1 0.503175 0.612140 0.651852 0.020576
1 0.502646 0.655350 0.659259 0.020576
1 0.502116 0.705761 0.649735 0.018519
1 0.501587 0.743827 0.652910 0.020576
1 0.499471 0.788066 0.652910 0.018519
1 0.502116 0.827160 0.653968 0.018519
1 0.499471 0.873457 0.655026 0.016461
1 0.496296 0.916667 0.650794 0.020576
1 0.499471 0.012346 0.648677 0.018519
1 0.500000 0.957613 0.649735 0.020576
0 0.500000 0.988683 0.653968 0.020576
