1 0.499898 0.021297 0.658466 0.019533
1 0.500122 0.063587 0.656334 0.022275
1 0.499730 0.106375 0.655206 0.018985
1 0.500898 0.152259 0.656783 0.020528
1 0.501368 0.192055 0.656105 0.020425
1 0.500122 0.237849 0.655436 0.020091
1 0.500629 0.274274 0.654308 0.018344
1 0.500290 0.322939 0.657682 0.020091
1 0.501021 0.362373 0.656220 0.017470
1 0.498672 0.406452 0.655436 0.019217
1 0.501340 0.448279 0.655436 0.020091
1 0.501413 0.499447 0.658131 0.020964
1 0.501283 0.537799 0.655436 0.020091
1 0.499007 0.580657 0.653639 0.020648
1 0.502790 0.621026 0.655436 0.020964
1 0.500927 0.666230 0.653132 0.020091
1 0.499121 0.704606 0.653409 0.020091
1 0.500000 0.753159 0.655885 0.019868
1 0.501319 0.796923 0.658638 0.019013
1 0.501732 0.835197 0.657233 0.020964
1 0.503015 0.878746 0.654987 0.020091
1 0.500898 0.926537 0.655885 0.021838
1 0.501283 0.964884 0.653639 0.017767
