1 0.498941 0.269954 0.656783 0.020528
1 0.497135 0.309339 0.656105 0.020425
1 0.501180 0.348960 0.655436 0.020091
1 0.497454 0.395673 0.654308 0.018344
1 0.499231 0.434050 0.657682 0.020091
1 0.497846 0.477599 0.656220 0.017470
1 0.497614 0.521678 0.655436 0.019217
1 0.496049 0.563505 0.655436 0.020091
1 0.498238 0.608500 0.658131 0.020964
1 0.495992 0.655083 0.655436 0.020091
1 0.494774 0.695884 0.653639 0.020648
1 0.497499 0.738310 0.655436 0.020964
1 0.497753 0.785571 0.653132 0.020091
1 0.501238 0.826006 0.653409 0.020091
1 0.501058 0.870443 0.655885 0.019868
1 0.500261 0.912149 0.658638 0.019013
1 0.502790 0.958654 0.657233 0.020964
1 0.500898 0.010022 0.654987 0.020091
1 0.499840 0.050817 0.655885 0.021838
1 0.498108 0.092147 0.653639 0.017767
1 0.497354 0.137963 0.652910 0.016461
1 0.502646 0.182305 0.657143 0.018519
1 0.496296 0.220473 0.652910 0.016461
