1 0.496666 0.924275 0.656783 0.020528
1 0.497135 0.969832 0.656105 0.020425
1 0.498006 0.025915 0.655436 0.020091
1 0.495338 0.068513 0.654308 0.018344
1 0.498173 0.106889 0.657682 0.020091
1 0.499963 0.152496 0.656220 0.017470
1 0.497614 0.198633 0.655436 0.019217
1 0.498166 0.242517 0.655436 0.020091
1 0.500354 0.285455 0.658131 0.020964
1 0.498108 0.325865 0.655436 0.020091
1 0.499007 0.370781 0.653639 0.020648
1 0.497499 0.413207 0.655436 0.020964
1 0.497753 0.458411 0.653132 0.020091
1 0.494889 0.500903 0.653409 0.020091
1 0.496825 0.539168 0.655885 0.019868
1 0.496028 0.584988 0.658638 0.019013
1 0.497499 0.631493 0.657233 0.020964
1 0.496666 0.672985 0.654987 0.020091
1 0.495607 0.712546 0.655885 0.021838
1 0.495992 0.754699 0.653639 0.017767
1 0.496296 0.797325 0.652910 0.016461
1 0.494180 0.838683 0.657143 0.018519
1 0.495238 0.883025 0.652910 0.016461
