1 0.503174 0.212341 0.656783 0.020528
1 0.503484 0.257898 0.656105 0.020425
1 0.502239 0.299577 0.655436 0.020091
1 0.500629 0.342175 0.654308 0.018344
1 0.501348 0.382609 0.657682 0.020091
1 0.499963 0.430274 0.656220 0.017470
1 0.498672 0.472296 0.655436 0.019217
1 0.500282 0.516180 0.655436 0.020091
1 0.503529 0.555002 0.658131 0.020964
1 0.500225 0.599528 0.655436 0.020091
1 0.500065 0.644443 0.653639 0.020648
1 0.499616 0.684812 0.655436 0.020964
1 0.500927 0.727958 0.653132 0.020091
1 0.499121 0.772508 0.653409 0.020091
1 0.501058 0.816945 0.655885 0.019868
1 0.501319 0.858651 0.658638 0.019013
1 0.498557 0.903098 0.657233 0.020964
1 0.499840 0.945002 0.654987 0.020091
1 0.500898 0.989295 0.655885 0.021838
1 0.494934 0.040707 0.653639 0.017767
1 0.496296 0.084465 0.652910 0.016461
1 0.500529 0.126749 0.657143 0.018519
1 0.498413 0.171091 0.652910 0.016461
