1 0.493651 0.100823 0.656085 0.018519
1 0.491534 0.140947 0.649735 0.016461
1 0.492063 0.187243 0.652910 0.018519
1 0.495767 0.224280 0.653968 0.018519
1 0.494180 0.273663 0.652910 0.018519
1 0.493651 0.314815 0.649735 0.018519
1 0.493651 0.356996 0.649735 0.020576
1 0.496296 0.403292 0.652910 0.018519
1 0.494709 0.446502 0.651852 0.018519
1 0.493122 0.487654 0.650794 0.018519
1 0.496296 0.528807 0.652910 0.018519
1 0.495767 0.570988 0.649735 0.024691
1 0.496825 0.612140 0.651852 0.024691
1 0.500000 0.661523 0.651852 0.020576
1 0.498413 0.742798 0.646561 0.018519
1 0.503175 0.704733 0.656085 0.024691
1 0.502646 0.789095 0.652910 0.020576
1 0.499471 0.833333 0.652910 0.018519
1 0.501058 0.878601 0.653968 0.018519
1 0.501587 0.916667 0.655026 0.016461
1 0.501587 0.966049 0.650794 0.020576
1 0.496825 0.059671 0.653968 0.026749
1 0.496825 0.016872 0.649735 0.020576
