1 0.498782 0.942794 0.656783 0.020528
0 0.496077 0.990408 0.656105 0.020425
1 0.498006 0.036203 0.655436 0.020091
1 0.495338 0.082916 0.654308 0.018344
1 0.498173 0.127465 0.657682 0.020091
1 0.498904 0.171015 0.656220 0.017470
1 0.498672 0.213036 0.655436 0.019217
1 0.498166 0.254863 0.655436 0.020091
1 0.500354 0.293685 0.658131 0.020964
1 0.498108 0.332038 0.655436 0.020091
1 0.499007 0.374896 0.653639 0.020648
1 0.497499 0.421438 0.655436 0.020964
1 0.498811 0.466641 0.653132 0.020091
1 0.497005 0.511191 0.653409 0.020091
1 0.496825 0.553571 0.655885 0.019868
1 0.496028 0.593219 0.658638 0.019013
1 0.497499 0.639724 0.657233 0.020964
1 0.496666 0.681216 0.654987 0.020091
1 0.496666 0.724891 0.655885 0.021838
1 0.495992 0.771159 0.653639 0.017767
1 0.496296 0.811728 0.652910 0.016461
1 0.494180 0.859259 0.657143 0.018519
1 0.496296 0.897428 0.652910 0.016461
