1 0.495767 0.123457 0.656085 0.018519
1 0.491534 0.161523 0.649735 0.016461
1 0.491005 0.205761 0.652910 0.018519
1 0.495767 0.248971 0.653968 0.018519
1 0.495238 0.292181 0.652910 0.018519
1 0.493651 0.341564 0.649735 0.018519
1 0.493651 0.379630 0.649735 0.020576
1 0.496296 0.430041 0.652910 0.018519
1 0.493651 0.475309 0.651852 0.018519
1 0.492063 0.512346 0.650794 0.018519
1 0.496296 0.559671 0.652910 0.018519
1 0.493651 0.597737 0.649735 0.024691
1 0.494709 0.643004 0.651852 0.024691
1 0.500000 0.686214 0.651852 0.020576
1 0.499471 0.724280 0.646561 0.018519
1 0.501058 0.770576 0.656085 0.024691
1 0.501587 0.815844 0.652910 0.020576
1 0.499471 0.853909 0.652910 0.018519
1 0.502116 0.903292 0.653968 0.018519
1 0.501587 0.947531 0.655026 0.016461
1 0.500529 0.984568 0.650794 0.020576
1 0.495767 0.084362 0.653968 0.026749
1 0.491534 0.039506 0.649735 0.020576
