1 0.499999 0.265839 0.656783 0.020528
1 0.503484 0.309339 0.656105 0.020425
1 0.502239 0.348960 0.655436 0.020091
1 0.503803 0.393616 0.654308 0.018344
1 0.505581 0.436107 0.657682 0.020091
1 0.499963 0.481714 0.656220 0.017470
1 0.502905 0.523736 0.655436 0.019217
1 0.500282 0.567620 0.655436 0.020091
1 0.502471 0.614673 0.658131 0.020964
1 0.501283 0.653026 0.655436 0.020091
1 0.497948 0.699999 0.653639 0.020648
1 0.501732 0.738310 0.655436 0.020964
1 0.503044 0.785571 0.653132 0.020091
1 0.503354 0.830121 0.653409 0.020091
1 0.503175 0.870443 0.655885 0.019868
1 0.505552 0.908034 0.658638 0.019013
1 0.499840 0.009816 0.654987 0.020091
1 0.500898 0.054932 0.655885 0.021838
1 0.503399 0.092147 0.653639 0.017767
1 0.498413 0.137963 0.652910 0.016461
1 0.502646 0.182305 0.657143 0.018519
1 0.502646 0.220473 0.652910 0.016461
1 0.502646 0.957099 0.657143 0.016461
