1 0.503174 0.197938 0.656783 0.020528
1 0.504542 0.239380 0.656105 0.020425
1 0.501180 0.283117 0.655436 0.020091
1 0.501687 0.323657 0.654308 0.018344
1 0.501348 0.364091 0.657682 0.020091
1 0.501021 0.407640 0.656220 0.017470
1 0.501847 0.451720 0.655436 0.019217
1 0.500282 0.497661 0.655436 0.020091
1 0.502471 0.540599 0.658131 0.020964
1 0.500225 0.581009 0.655436 0.020091
1 0.500065 0.623867 0.653639 0.020648
1 0.500674 0.670409 0.655436 0.020964
1 0.498811 0.711497 0.653132 0.020091
1 0.501238 0.756047 0.653409 0.020091
1 0.498942 0.798427 0.655885 0.019868
1 0.501319 0.844248 0.658638 0.019013
1 0.499616 0.886637 0.657233 0.020964
1 0.499840 0.930187 0.654987 0.020091
1 0.500898 0.973862 0.655885 0.021838
1 0.499166 0.028361 0.653639 0.017767
1 0.497354 0.063889 0.652910 0.016461
1 0.501587 0.106173 0.657143 0.018519
1 0.499471 0.152572 0.652910 0.016461
