1 0.497883 0.249378 0.656783 0.020528
1 0.496077 0.286705 0.656105 0.020425
1 0.499064 0.336614 0.655436 0.020091
1 0.500629 0.375097 0.654308 0.018344
1 0.503464 0.421704 0.657682 0.020091
1 0.502079 0.465254 0.656220 0.017470
1 0.499730 0.503160 0.655436 0.019217
1 0.499224 0.549102 0.655436 0.020091
1 0.498238 0.592039 0.658131 0.020964
1 0.503399 0.634507 0.655436 0.020091
1 0.502181 0.681480 0.653639 0.020648
1 0.499616 0.723907 0.655436 0.020964
1 0.497753 0.769111 0.653132 0.020091
1 0.497005 0.807487 0.653409 0.020091
1 0.500000 0.853982 0.655885 0.019868
1 0.501319 0.895688 0.658638 0.019013
1 0.499616 0.938077 0.657233 0.020964
1 0.496666 0.980392 0.654987 0.020091
1 0.495607 0.038472 0.655885 0.021838
1 0.499166 0.079801 0.653639 0.017767
1 0.494180 0.119444 0.652910 0.016461
1 0.499471 0.165844 0.657143 0.018519
1 0.496296 0.204012 0.652910 0.016461
