1 0.502116 0.053498 0.656085 0.018519
1 0.496825 0.095679 0.649735 0.016461
1 0.503704 0.141975 0.652910 0.018519
1 0.502116 0.183128 0.653968 0.018519
1 0.500529 0.226337 0.652910 0.018519
1 0.498942 0.269547 0.649735 0.018519
1 0.501058 0.313786 0.649735 0.020576
1 0.502646 0.351852 0.652910 0.018519
1 0.503175 0.393004 0.651852 0.018519
1 0.501587 0.442387 0.650794 0.018519
1 0.501587 0.484568 0.659259 0.020576
1 0.497354 0.525720 0.644444 0.020576
1 0.497884 0.566872 0.647619 0.020576
1 0.502116 0.612140 0.651852 0.020576
1 0.500529 0.655350 0.659259 0.020576
1 0.500000 0.699588 0.649735 0.018519
1 0.500529 0.743827 0.652910 0.020576
1 0.499471 0.781893 0.652910 0.018519
1 0.502116 0.831276 0.653968 0.018519
1 0.499471 0.873457 0.655026 0.016461
1 0.499471 0.916667 0.650794 0.020576
1 0.499471 0.012346 0.648677 0.018519
1 0.497884 0.959671 0.649735 0.020576
