1 0.497883 0.226744 0.656783 0.020528
1 0.498193 0.274359 0.656105 0.020425
1 0.499064 0.316038 0.655436 0.020091
1 0.501687 0.360694 0.654308 0.018344
1 0.503464 0.405243 0.657682 0.020091
1 0.501021 0.444677 0.656220 0.017470
1 0.500789 0.484641 0.655436 0.019217
1 0.501340 0.528526 0.655436 0.020091
1 0.502471 0.573521 0.658131 0.020964
1 0.506574 0.615989 0.655436 0.020091
1 0.502181 0.660904 0.653639 0.020648
1 0.500674 0.705388 0.655436 0.020964
1 0.497753 0.746477 0.653132 0.020091
1 0.498063 0.786911 0.653409 0.020091
1 0.501058 0.829291 0.655885 0.019868
1 0.501319 0.875112 0.658638 0.019013
1 0.498557 0.917501 0.657233 0.020964
1 0.500898 0.957141 0.654987 0.020091
1 0.495607 0.015838 0.655885 0.021838
1 0.499166 0.057168 0.653639 0.017767
1 0.495238 0.100926 0.652910 0.016461
1 0.499471 0.141152 0.657143 0.018519
1 0.496296 0.187551 0.652910 0.016461
