1 0.502014 0.021297 0.658466 0.019533
1 0.500122 0.061530 0.656334 0.022275
1 0.498672 0.106375 0.655206 0.018985
1 0.501957 0.148143 0.656783 0.020528
1 0.501368 0.185882 0.656105 0.020425
1 0.500122 0.227561 0.655436 0.020091
1 0.499571 0.278389 0.654308 0.018344
1 0.496057 0.320881 0.657682 0.020091
1 0.501021 0.362373 0.656220 0.017470
1 0.497614 0.406452 0.655436 0.019217
1 0.501340 0.448279 0.655436 0.020091
1 0.503529 0.495332 0.658131 0.020964
1 0.499166 0.535742 0.655436 0.020091
1 0.500065 0.578600 0.653639 0.020648
1 0.502790 0.621026 0.655436 0.020964
1 0.498811 0.660057 0.653132 0.020091
1 0.497005 0.704606 0.653409 0.020091
1 0.500000 0.751102 0.655885 0.019868
1 0.502377 0.794865 0.658638 0.019013
1 0.502790 0.839312 0.657233 0.020964
1 0.503015 0.876689 0.654987 0.020091
1 0.498782 0.922422 0.655885 0.021838
1 0.500225 0.964884 0.653639 0.017767
