1 0.503174 0.284357 0.656783 0.020528
1 0.500309 0.319627 0.656105 0.020425
1 0.505413 0.363363 0.655436 0.020091
1 0.504862 0.405961 0.654308 0.018344
1 0.503464 0.454626 0.657682 0.020091
1 0.503137 0.494060 0.656220 0.017470
1 0.501847 0.540197 0.655436 0.019217
1 0.502398 0.577908 0.655436 0.020091
1 0.501413 0.622904 0.658131 0.020964
1 0.500225 0.667429 0.655436 0.020091
1 0.502181 0.710287 0.653639 0.020648
1 0.500674 0.748598 0.655436 0.020964
1 0.498811 0.791744 0.653132 0.020091
1 0.499121 0.836294 0.653409 0.020091
1 0.501058 0.880731 0.655885 0.019868
1 0.501319 0.922437 0.658638 0.019013
1 0.501732 0.965238 0.657233 0.020964
1 0.499840 0.061105 0.655885 0.021838
1 0.502341 0.106550 0.653639 0.017767
1 0.497354 0.150309 0.652910 0.016461
1 0.502646 0.192593 0.657143 0.018519
1 0.498413 0.238992 0.652910 0.016461
1 0.498413 0.017490 0.652910 0.020576
