1 0.497884 0.117284 0.656085 0.018519
1 0.493651 0.159465 0.649735 0.016461
1 0.493122 0.201646 0.652910 0.018519
1 0.498942 0.248971 0.653968 0.018519
1 0.499471 0.290123 0.652910 0.018519
1 0.494709 0.335391 0.649735 0.018519
1 0.496825 0.375514 0.649735 0.020576
1 0.496296 0.421811 0.652910 0.018519
1 0.497884 0.465021 0.651852 0.018519
1 0.495238 0.512346 0.650794 0.018519
1 0.496296 0.553498 0.652910 0.018519
1 0.496825 0.599794 0.649735 0.024691
1 0.497884 0.643004 0.651852 0.024691
1 0.500000 0.686214 0.651852 0.020576
1 0.495238 0.726337 0.646561 0.018519
1 0.498942 0.770576 0.656085 0.024691
1 0.501587 0.813786 0.652910 0.020576
1 0.499471 0.855967 0.652910 0.018519
1 0.500000 0.901235 0.653968 0.018519
1 0.501587 0.943416 0.655026 0.016461
1 0.496296 0.988683 0.650794 0.020576
1 0.495767 0.076132 0.653968 0.026749
1 0.492593 0.031276 0.649735 0.020576
