1 0.496825 0.065844 0.656085 0.018519
1 0.498942 0.103909 0.649735 0.016461
1 0.498413 0.144033 0.652910 0.018519
1 0.497884 0.191358 0.653968 0.018519
1 0.499471 0.236626 0.652910 0.018519
1 0.497884 0.271605 0.649735 0.018519
1 0.491534 0.315844 0.649735 0.020576
1 0.497354 0.360082 0.652910 0.018519
1 0.494709 0.409465 0.651852 0.018519
1 0.498413 0.450617 0.650794 0.018519
1 0.496296 0.493827 0.652910 0.018519
1 0.495767 0.529835 0.649735 0.024691
1 0.496825 0.579218 0.651852 0.024691
1 0.496825 0.620370 0.651852 0.020576
1 0.497884 0.664609 0.658201 0.018519
1 0.493651 0.705761 0.656085 0.014403
1 0.496296 0.750000 0.652910 0.020576
1 0.496296 0.796296 0.652910 0.018519
1 0.500000 0.837449 0.653968 0.018519
1 0.498413 0.879630 0.655026 0.016461
1 0.500529 0.922840 0.650794 0.020576
1 0.502011 0.967078 0.657143 0.026749
1 0.495238 0.023663 0.635979 0.020576
