1 0.498782 0.028802 0.656783 0.020528
1 0.499251 0.068598 0.656105 0.020425
1 0.498006 0.108219 0.655436 0.020091
1 0.496396 0.148760 0.654308 0.018344
1 0.501348 0.195366 0.657682 0.020091
1 0.503137 0.240974 0.656220 0.017470
1 0.498672 0.285053 0.655436 0.019217
1 0.501340 0.324822 0.655436 0.020091
1 0.502471 0.371875 0.658131 0.020964
1 0.500225 0.414342 0.655436 0.020091
1 0.501123 0.457200 0.653639 0.020648
1 0.496441 0.499627 0.655436 0.020964
1 0.498811 0.540716 0.653132 0.020091
1 0.498063 0.577034 0.653409 0.020091
1 0.497884 0.625587 0.655885 0.019868
1 0.501319 0.667293 0.658638 0.019013
1 0.498557 0.709682 0.657233 0.020964
1 0.496666 0.749117 0.654987 0.020091
1 0.498782 0.794850 0.655885 0.021838
1 0.497050 0.843176 0.653639 0.017767
1 0.498413 0.887860 0.652910 0.016461
1 0.496296 0.927160 0.657143 0.018519
1 0.496296 0.971502 0.652910 0.016461
