1 0.498942 0.100823 0.656085 0.018519
1 0.495767 0.143004 0.649735 0.016461
1 0.493122 0.189300 0.652910 0.018519
1 0.493651 0.234568 0.653968 0.018519
1 0.498413 0.277778 0.652910 0.018519
1 0.494709 0.318930 0.649735 0.018519
1 0.495767 0.363169 0.649735 0.020576
1 0.494180 0.409465 0.652910 0.018519
1 0.496825 0.452675 0.651852 0.018519
1 0.494180 0.497942 0.650794 0.018519
1 0.495238 0.534979 0.652910 0.018519
1 0.494709 0.579218 0.649735 0.024691
1 0.493651 0.624486 0.651852 0.024691
1 0.496825 0.669753 0.651852 0.020576
1 0.495238 0.713992 0.646561 0.018519
1 0.501058 0.759259 0.656085 0.014403
1 0.499471 0.795267 0.652910 0.020576
1 0.497354 0.835391 0.652910 0.018519
1 0.495767 0.882716 0.653968 0.018519
1 0.499471 0.926955 0.655026 0.016461
1 0.496296 0.974280 0.650794 0.020576
1 0.497884 0.063786 0.653968 0.026749
1 0.497884 0.023457 0.649735 0.020576
