1 0.498942 0.078189 0.656085 0.018519
1 0.498942 0.124486 0.649735 0.016461
1 0.497354 0.164609 0.652910 0.018519
1 0.497884 0.209877 0.653968 0.018519
1 0.497354 0.248971 0.652910 0.018519
1 0.498942 0.296296 0.649735 0.018519
1 0.498942 0.340535 0.649735 0.020576
1 0.501587 0.378601 0.652910 0.018519
1 0.498942 0.421811 0.651852 0.018519
1 0.495238 0.465021 0.650794 0.018519
1 0.499471 0.506173 0.652910 0.018519
1 0.498942 0.552469 0.649735 0.024691
1 0.496825 0.595679 0.651852 0.024691
1 0.494709 0.638889 0.651852 0.020576
1 0.497354 0.679012 0.646561 0.018519
1 0.501058 0.730453 0.656085 0.014403
1 0.498413 0.766461 0.652910 0.020576
1 0.500529 0.812757 0.652910 0.018519
1 0.498942 0.855967 0.653968 0.018519
1 0.503704 0.898148 0.655026 0.016461
1 0.499471 0.943416 0.650794 0.020576
1 0.497884 0.037037 0.653968 0.026749
1 0.498942 0.990535 0.649735 0.020576
