1 0.496824 0.267896 0.656783 0.020528
1 0.498193 0.311396 0.656105 0.020425
1 0.496948 0.357191 0.655436 0.020091
1 0.500629 0.399788 0.654308 0.018344
1 0.499231 0.442280 0.657682 0.020091
1 0.495730 0.489945 0.656220 0.017470
1 0.495498 0.534024 0.655436 0.019217
1 0.497107 0.573793 0.655436 0.020091
1 0.498238 0.616731 0.658131 0.020964
1 0.498108 0.661256 0.655436 0.020091
1 0.495832 0.704114 0.653639 0.020648
1 0.497499 0.750656 0.655436 0.020964
1 0.498811 0.793802 0.653132 0.020091
1 0.495947 0.836294 0.653409 0.020091
1 0.497884 0.876616 0.655885 0.019868
1 0.500261 0.920379 0.658638 0.019013
1 0.499616 0.960711 0.657233 0.020964
0 0.495607 0.025043 0.654987 0.020091
1 0.493491 0.065221 0.655885 0.021838
1 0.494934 0.102435 0.653639 0.017767
1 0.497354 0.140021 0.652910 0.016461
1 0.499471 0.182305 0.657143 0.018519
1 0.494180 0.222531 0.652910 0.016461
