1 0.498942 0.123457 0.656085 0.018519
1 0.495767 0.165638 0.649735 0.016461
1 0.496296 0.213992 0.652910 0.018519
1 0.500000 0.253086 0.653968 0.018519
1 0.497354 0.296296 0.652910 0.018519
1 0.497884 0.341564 0.649735 0.018519
1 0.498942 0.385802 0.649735 0.020576
1 0.498413 0.430041 0.652910 0.018519
1 0.497884 0.469136 0.651852 0.018519
1 0.498413 0.514403 0.650794 0.018519
1 0.495238 0.553498 0.652910 0.018519
1 0.498942 0.597737 0.649735 0.024691
1 0.497884 0.640947 0.651852 0.024691
1 0.496825 0.686214 0.651852 0.020576
1 0.497354 0.728395 0.646561 0.018519
1 0.496825 0.773663 0.656085 0.014403
1 0.495238 0.813786 0.652910 0.020576
1 0.497354 0.858025 0.652910 0.018519
1 0.495767 0.905350 0.653968 0.018519
1 0.502646 0.947531 0.655026 0.016461
1 0.506878 0.990021 0.650794 0.020576
1 0.495767 0.080247 0.653968 0.026749
1 0.494709 0.039198 0.649735 0.020576
