1 0.502115 0.216456 0.656783 0.020528
1 0.501368 0.257898 0.656105 0.020425
1 0.500122 0.299577 0.655436 0.020091
1 0.502745 0.338060 0.654308 0.018344
1 0.502406 0.386725 0.657682 0.020091
1 0.501021 0.430274 0.656220 0.017470
1 0.501847 0.470238 0.655436 0.019217
1 0.498166 0.518237 0.655436 0.020091
1 0.501413 0.557060 0.658131 0.020964
1 0.500225 0.599528 0.655436 0.020091
1 0.500065 0.644443 0.653639 0.020648
1 0.501732 0.682755 0.655436 0.020964
1 0.500927 0.725901 0.653132 0.020091
1 0.500180 0.774565 0.653409 0.020091
1 0.497884 0.814888 0.655885 0.019868
1 0.499203 0.856593 0.658638 0.019013
1 0.501732 0.901040 0.657233 0.020964
1 0.504073 0.943355 0.654987 0.020091
1 0.498108 0.044822 0.653639 0.017767
1 0.503704 0.082407 0.652910 0.016461
1 0.503704 0.126749 0.657143 0.018519
1 0.502646 0.173148 0.652910 0.016461
1 0.501058 0.989300 0.651852 0.022634
