1 0.496824 0.222629 0.656783 0.020528
1 0.496077 0.264071 0.656105 0.020425
1 0.498006 0.311923 0.655436 0.020091
1 0.501687 0.356579 0.654308 0.018344
1 0.500290 0.392897 0.657682 0.020091
1 0.498904 0.436447 0.656220 0.017470
1 0.496556 0.478469 0.655436 0.019217
1 0.498166 0.524410 0.655436 0.020091
1 0.500354 0.569406 0.658131 0.020964
1 0.498108 0.615989 0.655436 0.020091
1 0.497948 0.654731 0.653639 0.020648
1 0.498557 0.699216 0.655436 0.020964
1 0.497753 0.736189 0.653132 0.020091
1 0.500180 0.782796 0.653409 0.020091
1 0.497884 0.825176 0.655885 0.019868
1 0.502377 0.873054 0.658638 0.019013
1 0.500674 0.913386 0.657233 0.020964
1 0.499840 0.957141 0.654987 0.020091
0 0.500898 0.984974 0.655885 0.021838
1 0.494934 0.050995 0.653639 0.017767
1 0.494180 0.092695 0.652910 0.016461
1 0.498413 0.132922 0.657143 0.018519
1 0.495238 0.179321 0.652910 0.016461
