1 0.498942 0.076132 0.656085 0.018519
1 0.498942 0.118313 0.649735 0.016461
1 0.497354 0.156379 0.652910 0.018519
1 0.497884 0.203704 0.653968 0.018519
1 0.497354 0.248971 0.652910 0.018519
1 0.498942 0.292181 0.649735 0.018519
1 0.498942 0.334362 0.649735 0.020576
1 0.501587 0.374486 0.652910 0.018519
1 0.500000 0.421811 0.651852 0.018519
1 0.495238 0.460905 0.650794 0.018519
1 0.499471 0.504115 0.652910 0.018519
1 0.498942 0.546296 0.649735 0.024691
1 0.496825 0.589506 0.651852 0.024691
1 0.494709 0.634774 0.651852 0.020576
1 0.497354 0.679012 0.646561 0.018519
1 0.498942 0.722222 0.656085 0.014403
1 0.498413 0.760288 0.652910 0.020576
1 0.500529 0.810700 0.652910 0.018519
1 0.498942 0.851852 0.653968 0.018519
1 0.499471 0.889918 0.655026 0.016461
1 0.499471 0.937243 0.650794 0.020576
1 0.496825 0.030864 0.656085 0.018519
1 0.498942 0.976132 0.649735 0.020576
