1 0.494709 0.148148 0.656085 0.018519
1 0.497884 0.188272 0.649735 0.016461
1 0.498413 0.232510 0.652910 0.018519
1 0.501058 0.277778 0.653968 0.018519
1 0.498413 0.318930 0.652910 0.018519
1 0.497884 0.358025 0.649735 0.018519
1 0.498942 0.398148 0.649735 0.020576
1 0.501587 0.444444 0.652910 0.018519
1 0.498942 0.489712 0.651852 0.018519
1 0.501587 0.530864 0.650794 0.018519
1 0.500529 0.576132 0.652910 0.018519
1 0.500000 0.620370 0.649735 0.024691
1 0.503175 0.659465 0.651852 0.024691
1 0.503175 0.706790 0.651852 0.020576
1 0.502646 0.783951 0.646561 0.018519
1 0.502116 0.745885 0.656085 0.024691
1 0.501587 0.828189 0.652910 0.020576
1 0.502646 0.870370 0.652910 0.018519
1 0.503175 0.921811 0.653968 0.018519
1 0.504762 0.960905 0.655026 0.016461
1 0.494180 0.017695 0.650794 0.020576
1 0.495767 0.104938 0.653968 0.026749
1 0.494709 0.055967 0.649735 0.020576
