0 0.495607 0.024687 0.656783 0.020528
1 0.500309 0.056252 0.656105 0.020425
1 0.498006 0.095874 0.655436 0.020091
1 0.497454 0.140529 0.654308 0.018344
1 0.501348 0.180963 0.657682 0.020091
1 0.503137 0.220398 0.656220 0.017470
1 0.498672 0.264477 0.655436 0.019217
1 0.501340 0.310419 0.655436 0.020091
1 0.502471 0.353356 0.658131 0.020964
1 0.501283 0.397882 0.655436 0.020091
1 0.502181 0.440740 0.653639 0.020648
1 0.499616 0.481109 0.655436 0.020964
1 0.498811 0.524255 0.653132 0.020091
1 0.498063 0.564689 0.653409 0.020091
1 0.497884 0.611184 0.655885 0.019868
1 0.501319 0.657005 0.658638 0.019013
1 0.498557 0.701452 0.657233 0.020964
1 0.496666 0.742944 0.654987 0.020091
1 0.498782 0.788677 0.655885 0.021838
1 0.497050 0.828773 0.653639 0.017767
1 0.498413 0.873457 0.652910 0.016461
1 0.496296 0.912757 0.657143 0.018519
1 0.498413 0.961214 0.652910 0.016461
