1 0.498941 0.241147 0.656783 0.020528
1 0.500309 0.284647 0.656105 0.020425
1 0.503297 0.326326 0.655436 0.020091
1 0.500629 0.370982 0.654308 0.018344
1 0.502406 0.417589 0.657682 0.020091
1 0.501021 0.465254 0.656220 0.017470
1 0.497614 0.501102 0.655436 0.019217
1 0.500282 0.547044 0.655436 0.020091
1 0.503529 0.589982 0.658131 0.020964
1 0.500225 0.632449 0.655436 0.020091
1 0.500065 0.677365 0.653639 0.020648
1 0.498557 0.719792 0.655436 0.020964
1 0.497753 0.760880 0.653132 0.020091
1 0.498063 0.801314 0.653409 0.020091
1 0.500000 0.843694 0.655885 0.019868
1 0.501319 0.887458 0.658638 0.019013
1 0.499616 0.929847 0.657233 0.020964
1 0.499840 0.977512 0.654987 0.020091
0 0.500898 0.017895 0.655885 0.021838
1 0.500225 0.071571 0.653639 0.017767
1 0.498413 0.115329 0.652910 0.016461
1 0.501587 0.151440 0.657143 0.018519
1 0.500529 0.195782 0.652910 0.016461
