1 0.499999 0.204110 0.656783 0.020528
1 0.500309 0.251725 0.656105 0.020425
1 0.501180 0.291347 0.655436 0.020091
1 0.501687 0.333945 0.654308 0.018344
1 0.499231 0.378494 0.657682 0.020091
1 0.499963 0.417928 0.656220 0.017470
1 0.498672 0.464065 0.655436 0.019217
1 0.499224 0.505892 0.655436 0.020091
1 0.501413 0.550887 0.658131 0.020964
1 0.500225 0.601585 0.655436 0.020091
1 0.497948 0.636213 0.653639 0.020648
1 0.499616 0.676582 0.655436 0.020964
1 0.498811 0.725901 0.653132 0.020091
1 0.500180 0.762220 0.653409 0.020091
1 0.497884 0.808715 0.655885 0.019868
1 0.499203 0.856593 0.658638 0.019013
1 0.499616 0.903098 0.657233 0.020964
1 0.501957 0.938623 0.654987 0.020091
1 0.499840 0.974686 0.655885 0.021838
1 0.499166 0.036592 0.653639 0.017767
1 0.499471 0.078292 0.652910 0.016461
1 0.500529 0.118519 0.657143 0.018519
1 0.500529 0.162860 0.652910 0.016461
