1 0.496666 0.969542 0.656783 0.020528
0 0.501368 0.017157 0.656105 0.020425
1 0.498006 0.060894 0.655436 0.020091
1 0.497454 0.103492 0.654308 0.018344
1 0.499231 0.145984 0.657682 0.020091
1 0.498904 0.187476 0.656220 0.017470
1 0.498672 0.233613 0.655436 0.019217
1 0.499224 0.275439 0.655436 0.020091
1 0.501413 0.318377 0.658131 0.020964
1 0.499166 0.360845 0.655436 0.020091
1 0.501123 0.403703 0.653639 0.020648
1 0.498557 0.448187 0.655436 0.020964
1 0.499869 0.487218 0.653132 0.020091
1 0.498063 0.535882 0.653409 0.020091
1 0.497884 0.574147 0.655885 0.019868
1 0.499203 0.624083 0.658638 0.019013
1 0.498557 0.666473 0.657233 0.020964
1 0.494549 0.710022 0.654987 0.020091
1 0.496666 0.753698 0.655885 0.021838
1 0.495992 0.791736 0.653639 0.017767
1 0.496296 0.836420 0.652910 0.016461
1 0.496296 0.881893 0.657143 0.018519
1 0.499471 0.924177 0.652910 0.016461
