1 0.502115 0.317279 0.656783 0.020528
1 0.502426 0.360779 0.656105 0.020425
1 0.500122 0.408631 0.655436 0.020091
1 0.501687 0.449171 0.654308 0.018344
1 0.501348 0.491663 0.657682 0.020091
1 0.501021 0.533155 0.656220 0.017470
1 0.500789 0.577234 0.655436 0.019217
1 0.499224 0.623176 0.655436 0.020091
1 0.502471 0.664056 0.658131 0.020964
1 0.501283 0.706524 0.655436 0.020091
1 0.501123 0.753497 0.653639 0.020648
1 0.502790 0.791808 0.655436 0.020964
1 0.497753 0.837012 0.653132 0.020091
1 0.501238 0.877446 0.653409 0.020091
1 0.502116 0.921884 0.655885 0.019868
1 0.503435 0.969762 0.658638 0.019013
1 0.500898 0.061462 0.654987 0.020091
1 0.499840 0.100200 0.655885 0.021838
1 0.499166 0.143587 0.653639 0.017767
1 0.498413 0.189403 0.652910 0.016461
1 0.503704 0.235802 0.657143 0.018519
1 0.500529 0.276029 0.652910 0.016461
1 0.501587 0.026749 0.655026 0.018519
