1 0.498942 0.090535 0.656085 0.018519
1 0.495767 0.136831 0.649735 0.016461
1 0.494180 0.170782 0.652910 0.018519
1 0.500000 0.218107 0.653968 0.018519
1 0.497354 0.269547 0.652910 0.018519
1 0.497884 0.310700 0.649735 0.018519
1 0.497884 0.346708 0.649735 0.020576
1 0.498413 0.388889 0.652910 0.018519
1 0.496825 0.434156 0.651852 0.018519
1 0.497354 0.481481 0.650794 0.018519
1 0.493122 0.524691 0.652910 0.018519
1 0.497884 0.562757 0.649735 0.024691
1 0.495767 0.608025 0.651852 0.024691
1 0.497884 0.651235 0.651852 0.020576
1 0.497354 0.699588 0.646561 0.018519
1 0.498942 0.736626 0.656085 0.014403
1 0.494180 0.787037 0.652910 0.020576
1 0.497354 0.827160 0.652910 0.018519
1 0.497884 0.868313 0.653968 0.018519
1 0.502646 0.908436 0.655026 0.016461
1 0.503704 0.957819 0.650794 0.020576
1 0.495767 0.045267 0.653968 0.026749
0 0.502116 0.987757 0.649735 0.020576
