1 0.498942 0.141975 0.656085 0.018519
1 0.500000 0.182099 0.649735 0.016461
1 0.498413 0.222222 0.652910 0.018519
1 0.498942 0.267490 0.653968 0.018519
1 0.498413 0.308642 0.652910 0.018519
1 0.497884 0.349794 0.649735 0.018519
1 0.500000 0.391975 0.649735 0.020576
1 0.498413 0.438272 0.652910 0.018519
1 0.500000 0.479424 0.651852 0.018519
1 0.498413 0.520576 0.650794 0.018519
1 0.501587 0.572016 0.652910 0.018519
1 0.500000 0.614198 0.649735 0.024691
1 0.505291 0.655350 0.651852 0.024691
1 0.503175 0.698560 0.651852 0.020576
1 0.502646 0.788066 0.646561 0.018519
1 0.506349 0.741770 0.656085 0.024691
1 0.502646 0.826132 0.652910 0.020576
1 0.504762 0.870370 0.652910 0.018519
1 0.502116 0.913580 0.653968 0.018519
1 0.508995 0.954733 0.655026 0.016461
1 0.496296 0.013580 0.650794 0.020576
1 0.495767 0.096708 0.653968 0.026749
1 0.493651 0.053909 0.649735 0.020576
