1 0.499999 0.243205 0.656783 0.020528
1 0.501368 0.288762 0.656105 0.020425
1 0.499064 0.332499 0.655436 0.020091
1 0.498512 0.373039 0.654308 0.018344
1 0.500290 0.417589 0.657682 0.020091
1 0.497846 0.461138 0.656220 0.017470
1 0.497614 0.503160 0.655436 0.019217
1 0.497107 0.536756 0.655436 0.020091
1 0.501413 0.585867 0.658131 0.020964
1 0.500225 0.634507 0.655436 0.020091
1 0.497948 0.675307 0.653639 0.020648
1 0.502790 0.719792 0.655436 0.020964
1 0.495636 0.762938 0.653132 0.020091
1 0.499121 0.805429 0.653409 0.020091
1 0.498942 0.849867 0.655885 0.019868
1 0.501319 0.891573 0.658638 0.019013
1 0.498557 0.936020 0.657233 0.020964
1 0.499840 0.981833 0.654987 0.020091
1 0.500898 0.030241 0.655885 0.021838
1 0.498108 0.071571 0.653639 0.017767
1 0.498413 0.117387 0.652910 0.016461
1 0.500529 0.159671 0.657143 0.018519
1 0.500529 0.201955 0.652910 0.016461
