1 0.499840 0.034975 0.656783 0.020528
1 0.502426 0.083001 0.656105 0.020425
1 0.499064 0.126738 0.655436 0.020091
1 0.499571 0.167278 0.654308 0.018344
1 0.499231 0.211827 0.657682 0.020091
1 0.499963 0.257435 0.656220 0.017470
1 0.501847 0.295341 0.655436 0.019217
1 0.502398 0.339225 0.655436 0.020091
1 0.502471 0.380105 0.658131 0.020964
1 0.502341 0.428746 0.655436 0.020091
1 0.502181 0.467489 0.653639 0.020648
1 0.498557 0.509915 0.655436 0.020964
1 0.498811 0.551004 0.653132 0.020091
1 0.498063 0.591438 0.653409 0.020091
1 0.496825 0.635875 0.655885 0.019868
1 0.498144 0.685812 0.658638 0.019013
1 0.497499 0.722028 0.657233 0.020964
1 0.496666 0.765578 0.654987 0.020091
1 0.495607 0.811311 0.655885 0.021838
1 0.497050 0.857579 0.653639 0.017767
1 0.498413 0.900206 0.652910 0.016461
1 0.500000 0.944033 0.656085 0.015226
1 0.498942 0.988735 0.643386 0.020679
