1 0.502014 0.023355 0.658466 0.019533
1 0.499064 0.063587 0.656334 0.022275
1 0.499730 0.104317 0.655206 0.018985
1 0.501957 0.148143 0.656783 0.020528
1 0.501368 0.194112 0.656105 0.020425
1 0.500122 0.239907 0.655436 0.020091
1 0.501687 0.278389 0.654308 0.018344
1 0.500290 0.324996 0.657682 0.020091
1 0.501021 0.366488 0.656220 0.017470
1 0.497614 0.404395 0.655436 0.019217
1 0.501340 0.448279 0.655436 0.020091
1 0.504587 0.495332 0.658131 0.020964
1 0.501283 0.535742 0.655436 0.020091
1 0.500065 0.580657 0.653639 0.020648
1 0.502790 0.623084 0.655436 0.020964
1 0.500927 0.668288 0.653132 0.020091
1 0.499121 0.710779 0.653409 0.020091
1 0.500000 0.753159 0.655885 0.019868
1 0.501319 0.798980 0.658638 0.019013
1 0.501732 0.837254 0.657233 0.020964
1 0.503015 0.884919 0.654987 0.020091
1 0.498782 0.932710 0.655885 0.021838
1 0.501283 0.975172 0.653639 0.017767
0 0.504233 0.993827 0.656085 0.010288
