1 0.500000 0.072016 0.656085 0.018519
1 0.496825 0.110082 0.649735 0.016461
1 0.497354 0.152263 0.652910 0.018519
1 0.495767 0.197531 0.653968 0.018519
1 0.495238 0.240741 0.652910 0.018519
1 0.498942 0.277778 0.649735 0.018519
1 0.497884 0.322016 0.649735 0.020576
1 0.499471 0.362140 0.652910 0.018519
1 0.500000 0.407407 0.651852 0.018519
1 0.499471 0.450617 0.650794 0.018519
1 0.499471 0.491770 0.652910 0.018519
1 0.496825 0.538066 0.649735 0.024691
1 0.494709 0.581276 0.651852 0.024691
1 0.495767 0.626543 0.651852 0.020576
1 0.498413 0.670782 0.646561 0.018519
1 0.498942 0.707819 0.656085 0.014403
1 0.498413 0.758230 0.652910 0.020576
1 0.498413 0.794239 0.652910 0.018519
1 0.498942 0.839506 0.653968 0.018519
1 0.503704 0.883745 0.655026 0.016461
1 0.499471 0.926955 0.650794 0.020576
1 0.496825 0.020885 0.653968 0.026749
1 0.500000 0.969753 0.649735 0.020576
