1 0.494708 0.280242 0.656783 0.020528
1 0.497135 0.319627 0.656105 0.020425
1 0.494831 0.361306 0.655436 0.020091
1 0.497454 0.410076 0.654308 0.018344
1 0.499231 0.446395 0.657682 0.020091
1 0.498904 0.494060 0.656220 0.017470
1 0.496556 0.529909 0.655436 0.019217
1 0.497107 0.577908 0.655436 0.020091
1 0.499296 0.622904 0.658131 0.020964
1 0.493875 0.667429 0.655436 0.020091
1 0.494774 0.704114 0.653639 0.020648
1 0.498557 0.752713 0.655436 0.020964
1 0.494578 0.789687 0.653132 0.020091
1 0.495947 0.836294 0.653409 0.020091
1 0.497884 0.884847 0.655885 0.019868
1 0.497086 0.924495 0.658638 0.019013
1 0.500674 0.968942 0.657233 0.020964
1 0.496666 0.022985 0.654987 0.020091
1 0.496666 0.061105 0.655885 0.021838
1 0.494934 0.106550 0.653639 0.017767
1 0.496296 0.146193 0.652910 0.016461
1 0.499471 0.192593 0.657143 0.018519
1 0.494180 0.232819 0.652910 0.016461
