1 0.498942 0.090535 0.656085 0.018519
1 0.498942 0.136831 0.649735 0.016461
1 0.497354 0.172840 0.652910 0.018519
1 0.497884 0.218107 0.653968 0.018519
1 0.498413 0.259259 0.652910 0.018519
1 0.498942 0.300412 0.649735 0.018519
1 0.498942 0.346708 0.649735 0.020576
1 0.501587 0.386831 0.652910 0.018519
1 0.496825 0.430041 0.651852 0.018519
1 0.495238 0.473251 0.650794 0.018519
1 0.499471 0.514403 0.652910 0.018519
1 0.498942 0.560700 0.649735 0.024691
1 0.498942 0.605967 0.651852 0.024691
1 0.497884 0.647119 0.651852 0.020576
1 0.500529 0.689300 0.646561 0.018519
1 0.501058 0.730453 0.656085 0.014403
1 0.499471 0.776749 0.652910 0.020576
1 0.500529 0.816872 0.652910 0.018519
1 0.500000 0.862140 0.653968 0.018519
1 0.504762 0.904321 0.655026 0.016461
1 0.500529 0.947531 0.650794 0.020576
1 0.497884 0.045267 0.653968 0.026749
1 0.498942 0.990535 0.649735 0.020576
