1 0.492593 0.150206 0.656085 0.018519
1 0.495767 0.196502 0.649735 0.016461
1 0.494180 0.240741 0.652910 0.018519
1 0.496825 0.281893 0.653968 0.018519
1 0.496296 0.331276 0.652910 0.018519
1 0.493651 0.370370 0.649735 0.018519
1 0.495767 0.414609 0.649735 0.020576
1 0.496296 0.452675 0.652910 0.018519
1 0.500000 0.495885 0.651852 0.018519
1 0.500529 0.545267 0.650794 0.018519
1 0.500529 0.586420 0.652910 0.018519
1 0.500000 0.628601 0.649735 0.024691
1 0.504233 0.673868 0.651852 0.024691
1 0.498942 0.719136 0.651852 0.020576
1 0.499471 0.802469 0.646561 0.018519
1 0.501058 0.756173 0.656085 0.024691
1 0.500529 0.844650 0.652910 0.020576
1 0.500529 0.888889 0.652910 0.018519
1 0.504233 0.932099 0.653968 0.018519
1 0.502646 0.977881 0.655026 0.016461
1 0.491005 0.019753 0.650794 0.020576
1 0.494709 0.109053 0.653968 0.026749
1 0.494709 0.064198 0.649735 0.020576
