1 0.498942 0.072016 0.656085 0.018519
1 0.498942 0.116255 0.649735 0.016461
1 0.498413 0.158436 0.652910 0.018519
1 0.498942 0.199588 0.653968 0.018519
1 0.498413 0.240741 0.652910 0.018519
1 0.498942 0.279835 0.649735 0.018519
1 0.497884 0.330247 0.649735 0.020576
1 0.500529 0.372428 0.652910 0.018519
1 0.498942 0.417695 0.651852 0.018519
1 0.494180 0.456790 0.650794 0.018519
1 0.497354 0.502058 0.652910 0.018519
1 0.498942 0.546296 0.649735 0.024691
1 0.496825 0.585391 0.651852 0.024691
1 0.495767 0.630658 0.651852 0.020576
1 0.498413 0.668724 0.646561 0.018519
1 0.498942 0.713992 0.656085 0.014403
1 0.497354 0.762346 0.652910 0.020576
1 0.499471 0.804527 0.652910 0.018519
1 0.498942 0.845679 0.653968 0.018519
1 0.501587 0.887860 0.655026 0.016461
1 0.500529 0.920782 0.650794 0.020576
1 0.495767 0.028807 0.653968 0.026749
1 0.497884 0.974074 0.649735 0.020576
