1 0.502115 0.218514 0.656783 0.020528
1 0.503484 0.262013 0.656105 0.020425
1 0.501180 0.303693 0.655436 0.020091
1 0.498512 0.350406 0.654308 0.018344
1 0.501348 0.392897 0.657682 0.020091
1 0.501021 0.432332 0.656220 0.017470
1 0.501847 0.482584 0.655436 0.019217
1 0.500282 0.522353 0.655436 0.020091
1 0.502471 0.563233 0.658131 0.020964
1 0.500225 0.607758 0.655436 0.020091
1 0.500065 0.648558 0.653639 0.020648
1 0.496441 0.697158 0.655436 0.020964
1 0.497753 0.738246 0.653132 0.020091
1 0.500180 0.784853 0.653409 0.020091
1 0.500000 0.825176 0.655885 0.019868
1 0.501319 0.868939 0.658638 0.019013
1 0.499616 0.913386 0.657233 0.020964
1 0.498782 0.954878 0.654987 0.020091
0 0.501957 0.012957 0.655885 0.021838
1 0.499166 0.055110 0.653639 0.017767
1 0.497354 0.088580 0.652910 0.016461
1 0.501587 0.132922 0.657143 0.018519
1 0.499471 0.173148 0.652910 0.016461
