1 0.501057 0.111518 0.656783 0.020528
1 0.501368 0.157075 0.656105 0.020425
1 0.500122 0.198754 0.655436 0.020091
1 0.500629 0.249583 0.654308 0.018344
1 0.503464 0.285901 0.657682 0.020091
1 0.505254 0.327393 0.656220 0.017470
1 0.501847 0.373530 0.655436 0.019217
1 0.503457 0.415357 0.655436 0.020091
1 0.503529 0.458295 0.658131 0.020964
1 0.501283 0.500762 0.655436 0.020091
1 0.499007 0.549793 0.653639 0.020648
1 0.499616 0.592220 0.655436 0.020964
1 0.498811 0.631250 0.653132 0.020091
1 0.498063 0.671685 0.653409 0.020091
1 0.501058 0.718180 0.655885 0.019868
1 0.502377 0.761943 0.658638 0.019013
1 0.498557 0.806390 0.657233 0.020964
1 0.501957 0.845825 0.654987 0.020091
1 0.499840 0.887443 0.655885 0.021838
1 0.498108 0.937826 0.653639 0.017767
1 0.498413 0.976337 0.652910 0.016461
1 0.498413 0.030041 0.657143 0.018519
1 0.498413 0.074383 0.652910 0.016461
