1 0.497883 0.288473 0.656783 0.020528
1 0.498193 0.323742 0.656105 0.020425
1 0.501180 0.371594 0.655436 0.020091
1 0.497454 0.416249 0.654308 0.018344
1 0.499231 0.456683 0.657682 0.020091
1 0.497846 0.504348 0.656220 0.017470
1 0.498672 0.544312 0.655436 0.019217
1 0.496049 0.588196 0.655436 0.020091
1 0.498238 0.633192 0.658131 0.020964
1 0.494934 0.677717 0.655436 0.020091
1 0.494774 0.720575 0.653639 0.020648
1 0.497499 0.758886 0.655436 0.020964
1 0.497753 0.806148 0.653132 0.020091
1 0.501238 0.848639 0.653409 0.020091
1 0.502116 0.891019 0.655885 0.019868
1 0.500261 0.934783 0.658638 0.019013
1 0.501732 0.975115 0.657233 0.020964
1 0.500898 0.026483 0.654987 0.020091
1 0.497724 0.075509 0.655885 0.021838
1 0.497050 0.114781 0.653639 0.017767
1 0.497354 0.156481 0.652910 0.016461
1 0.501587 0.200823 0.657143 0.018519
1 0.500529 0.241049 0.652910 0.016461
