1 0.504232 0.265839 0.656783 0.020528
1 0.501368 0.311396 0.656105 0.020425
1 0.503297 0.353075 0.655436 0.020091
1 0.504862 0.399788 0.654308 0.018344
1 0.503464 0.444338 0.657682 0.020091
1 0.503137 0.485830 0.656220 0.017470
1 0.503963 0.525794 0.655436 0.019217
1 0.497107 0.571735 0.655436 0.020091
1 0.501413 0.614673 0.658131 0.020964
1 0.500225 0.655083 0.655436 0.020091
1 0.502181 0.702056 0.653639 0.020648
1 0.501732 0.744483 0.655436 0.020964
1 0.498811 0.787629 0.653132 0.020091
1 0.498063 0.830121 0.653409 0.020091
1 0.500000 0.874558 0.655885 0.019868
1 0.501319 0.910091 0.658638 0.019013
1 0.500674 0.960711 0.657233 0.020964
1 0.499840 0.059048 0.655885 0.021838
1 0.499166 0.100378 0.653639 0.017767
1 0.497354 0.142078 0.652910 0.016461
1 0.501587 0.184362 0.657143 0.018519
1 0.499471 0.228704 0.652910 0.016461
1 0.497354 0.013374 0.652910 0.020576
