1 0.496825 0.041152 0.656085 0.018519
1 0.500000 0.079218 0.649735 0.016461
1 0.499471 0.127572 0.652910 0.018519
1 0.498942 0.170782 0.653968 0.018519
1 0.502646 0.211934 0.652910 0.018519
1 0.498942 0.253086 0.649735 0.018519
1 0.497884 0.291152 0.649735 0.020576
1 0.503704 0.331276 0.652910 0.018519
1 0.498942 0.380658 0.651852 0.018519
1 0.498413 0.423868 0.650794 0.018519
1 0.498413 0.467078 0.652910 0.018519
1 0.500000 0.507202 0.649735 0.024691
1 0.498942 0.554527 0.651852 0.024691
1 0.497884 0.593621 0.651852 0.020576
1 0.497884 0.639918 0.658201 0.018519
1 0.497884 0.685185 0.656085 0.014403
1 0.497354 0.725309 0.652910 0.020576
1 0.496296 0.767490 0.652910 0.018519
1 0.501058 0.808642 0.653968 0.018519
1 0.498413 0.852881 0.655026 0.016461
1 0.500529 0.902263 0.650794 0.020576
1 0.503069 0.942387 0.657143 0.026749
1 0.499471 0.987654 0.652910 0.018519
