1 0.502014 0.033643 0.658466 0.019533
1 0.500122 0.073876 0.656334 0.022275
1 0.499730 0.116663 0.655206 0.018985
1 0.499840 0.160489 0.656783 0.020528
1 0.501368 0.206458 0.656105 0.020425
1 0.499064 0.252252 0.655436 0.020091
1 0.498512 0.284562 0.654308 0.018344
1 0.499231 0.333227 0.657682 0.020091
1 0.499963 0.374719 0.656220 0.017470
1 0.498672 0.422913 0.655436 0.019217
1 0.499224 0.464740 0.655436 0.020091
1 0.500354 0.507677 0.658131 0.020964
1 0.494934 0.548087 0.655436 0.020091
1 0.499007 0.590945 0.653639 0.020648
1 0.498557 0.633372 0.655436 0.020964
1 0.496694 0.678576 0.653132 0.020091
1 0.497005 0.721067 0.653409 0.020091
1 0.497884 0.767563 0.655885 0.019868
1 0.501319 0.811326 0.658638 0.019013
1 0.499616 0.849600 0.657233 0.020964
1 0.500898 0.897265 0.654987 0.020091
1 0.500898 0.936825 0.655885 0.021838
1 0.500225 0.976921 0.653639 0.017767
