1 0.499999 0.280242 0.656783 0.020528
1 0.501368 0.321684 0.656105 0.020425
1 0.502239 0.361306 0.655436 0.020091
1 0.503803 0.405961 0.654308 0.018344
1 0.503464 0.448453 0.657682 0.020091
1 0.499963 0.496118 0.656220 0.017470
1 0.502905 0.534024 0.655436 0.019217
1 0.500282 0.582023 0.655436 0.020091
1 0.502471 0.624961 0.658131 0.020964
1 0.500225 0.669486 0.655436 0.020091
1 0.497948 0.706172 0.653639 0.020648
1 0.500674 0.750656 0.655436 0.020964
1 0.503044 0.789687 0.653132 0.020091
1 0.503354 0.840409 0.653409 0.020091
1 0.501058 0.882789 0.655885 0.019868
1 0.505552 0.924495 0.658638 0.019013
1 0.499840 0.018253 0.654987 0.020091
1 0.500898 0.065221 0.655885 0.021838
1 0.497050 0.108608 0.653639 0.017767
1 0.498413 0.150309 0.652910 0.016461
1 0.502646 0.192593 0.657143 0.018519
1 0.502646 0.232819 0.652910 0.016461
1 0.501587 0.967387 0.657143 0.016461
