1 0.499251 0.054194 0.656105 0.020425
1 0.502239 0.104104 0.655436 0.020091
1 0.500629 0.144644 0.654308 0.018344
1 0.501348 0.191251 0.657682 0.020091
1 0.503137 0.230686 0.656220 0.017470
1 0.503963 0.274765 0.655436 0.019217
1 0.502398 0.318649 0.655436 0.020091
1 0.504587 0.363644 0.658131 0.020964
1 0.502341 0.410227 0.655436 0.020091
1 0.501123 0.448970 0.653639 0.020648
1 0.499616 0.487281 0.655436 0.020964
1 0.498811 0.540716 0.653132 0.020091
1 0.499121 0.577034 0.653409 0.020091
1 0.501058 0.621472 0.655885 0.019868
1 0.497086 0.665235 0.658638 0.019013
1 0.501732 0.709682 0.657233 0.020964
1 0.497724 0.751174 0.654987 0.020091
1 0.503015 0.790735 0.655885 0.021838
1 0.500225 0.837003 0.653639 0.017767
1 0.500529 0.881687 0.652910 0.016461
1 0.504233 0.921399 0.656085 0.015226
1 0.502646 0.959877 0.657143 0.024691
1 0.500000 0.016461 0.656085 0.018519
