1 0.498942 0.067901 0.656085 0.018519
1 0.496825 0.112140 0.649735 0.016461
1 0.497354 0.152263 0.652910 0.018519
1 0.495767 0.195473 0.653968 0.018519
1 0.496296 0.236626 0.652910 0.018519
1 0.498942 0.283951 0.649735 0.018519
1 0.497884 0.317901 0.649735 0.020576
1 0.501587 0.362140 0.652910 0.018519
1 0.498942 0.409465 0.651852 0.018519
1 0.499471 0.452675 0.650794 0.018519
1 0.499471 0.495885 0.652910 0.018519
1 0.497884 0.536008 0.649735 0.024691
1 0.496825 0.577160 0.651852 0.024691
1 0.494709 0.622428 0.651852 0.020576
1 0.497354 0.666667 0.646561 0.018519
1 0.498942 0.711934 0.656085 0.014403
1 0.500529 0.750000 0.652910 0.020576
1 0.497354 0.796296 0.652910 0.018519
1 0.501058 0.839506 0.653968 0.018519
1 0.502646 0.887860 0.655026 0.016461
1 0.500529 0.931070 0.650794 0.020576
1 0.495767 0.026749 0.653968 0.026749
1 0.498942 0.973868 0.649735 0.020576
