1 0.502014 0.025412 0.658466 0.019533
1 0.500122 0.069760 0.656334 0.022275
1 0.499730 0.114605 0.655206 0.018985
1 0.499840 0.154316 0.656783 0.020528
1 0.501368 0.200285 0.656105 0.020425
1 0.499064 0.246080 0.655436 0.020091
1 0.498512 0.288677 0.654308 0.018344
1 0.496057 0.327054 0.657682 0.020091
1 0.501021 0.364430 0.656220 0.017470
1 0.499730 0.414683 0.655436 0.019217
1 0.500282 0.458567 0.655436 0.020091
1 0.498238 0.503562 0.658131 0.020964
1 0.495992 0.543972 0.655436 0.020091
1 0.499007 0.584772 0.653639 0.020648
1 0.500674 0.627199 0.655436 0.020964
1 0.497753 0.674460 0.653132 0.020091
1 0.495947 0.716952 0.653409 0.020091
1 0.498942 0.753159 0.655885 0.019868
1 0.503435 0.803095 0.658638 0.019013
1 0.501732 0.849600 0.657233 0.020964
1 0.499840 0.889034 0.654987 0.020091
1 0.498782 0.932710 0.655885 0.021838
1 0.499166 0.976715 0.653639 0.017767
