1 0.499999 0.243205 0.656783 0.020528
1 0.498193 0.282590 0.656105 0.020425
1 0.499064 0.328384 0.655436 0.020091
1 0.501687 0.366867 0.654308 0.018344
1 0.501348 0.407301 0.657682 0.020091
1 0.498904 0.454965 0.656220 0.017470
1 0.500789 0.499045 0.655436 0.019217
1 0.501340 0.542929 0.655436 0.020091
1 0.502471 0.583809 0.658131 0.020964
1 0.503399 0.624219 0.655436 0.020091
1 0.502181 0.669135 0.653639 0.020648
1 0.500674 0.713619 0.655436 0.020964
1 0.499869 0.752650 0.653132 0.020091
1 0.495947 0.797199 0.653409 0.020091
1 0.500000 0.841637 0.655885 0.019868
1 0.504494 0.881285 0.658638 0.019013
1 0.498557 0.929847 0.657233 0.020964
1 0.499840 0.973602 0.654987 0.020091
1 0.495607 0.022011 0.655885 0.021838
1 0.499166 0.063341 0.653639 0.017767
1 0.495238 0.109156 0.652910 0.016461
1 0.499471 0.153498 0.657143 0.018519
1 0.495238 0.191667 0.652910 0.016461
