1 0.501057 0.224687 0.656783 0.020528
1 0.502426 0.268186 0.656105 0.020425
1 0.498006 0.311923 0.655436 0.020091
1 0.497454 0.356579 0.654308 0.018344
1 0.497115 0.397013 0.657682 0.020091
1 0.499963 0.440562 0.656220 0.017470
1 0.494439 0.486699 0.655436 0.019217
1 0.497107 0.526468 0.655436 0.020091
1 0.496122 0.569406 0.658131 0.020964
1 0.494934 0.613931 0.655436 0.020091
1 0.496890 0.654731 0.653639 0.020648
1 0.495383 0.699216 0.655436 0.020964
1 0.497753 0.740304 0.653132 0.020091
1 0.498063 0.782796 0.653409 0.020091
1 0.497884 0.825176 0.655885 0.019868
1 0.500261 0.873054 0.658638 0.019013
1 0.501732 0.917501 0.657233 0.020964
1 0.500898 0.961257 0.654987 0.020091
1 0.499840 0.010385 0.655885 0.021838
1 0.501283 0.050995 0.653639 0.017767
1 0.498413 0.098868 0.652910 0.016461
1 0.498413 0.141152 0.657143 0.018519
1 0.498413 0.183436 0.652910 0.016461
