1 0.498942 0.088477 0.656085 0.018519
1 0.496825 0.126543 0.649735 0.016461
1 0.498413 0.172840 0.652910 0.018519
1 0.494709 0.216049 0.653968 0.018519
1 0.498413 0.255144 0.652910 0.018519
1 0.497884 0.296296 0.649735 0.018519
1 0.494709 0.344650 0.649735 0.020576
1 0.500529 0.386831 0.652910 0.018519
1 0.498942 0.430041 0.651852 0.018519
1 0.500529 0.473251 0.650794 0.018519
1 0.500529 0.518519 0.652910 0.018519
1 0.500000 0.560700 0.649735 0.024691
1 0.496825 0.603909 0.651852 0.024691
1 0.497884 0.647119 0.651852 0.020576
1 0.494180 0.691358 0.646561 0.018519
1 0.496825 0.734568 0.656085 0.014403
1 0.494180 0.776749 0.652910 0.020576
1 0.500529 0.820988 0.652910 0.018519
1 0.501058 0.862140 0.653968 0.018519
1 0.503704 0.910494 0.655026 0.016461
1 0.499471 0.955761 0.650794 0.020576
1 0.497884 0.051440 0.653968 0.026749
0 0.502116 0.984568 0.649735 0.020576
0 0.500000 0.016461 0.649735 0.022634
