1 0.499999 0.276127 0.656783 0.020528
1 0.503484 0.327857 0.656105 0.020425
1 0.503297 0.367479 0.655436 0.020091
1 0.499571 0.405961 0.654308 0.018344
1 0.500290 0.448453 0.657682 0.020091
1 0.502079 0.498175 0.656220 0.017470
1 0.502905 0.538139 0.655436 0.019217
1 0.501340 0.584081 0.655436 0.020091
1 0.503529 0.622904 0.658131 0.020964
1 0.501283 0.667429 0.655436 0.020091
1 0.497948 0.708229 0.653639 0.020648
1 0.501732 0.754771 0.655436 0.020964
1 0.503044 0.793802 0.653132 0.020091
1 0.505471 0.840409 0.653409 0.020091
1 0.504233 0.878674 0.655885 0.019868
1 0.504494 0.922437 0.658638 0.019013
1 0.499840 0.024220 0.654987 0.020091
1 0.500898 0.069336 0.655885 0.021838
1 0.503399 0.108608 0.653639 0.017767
1 0.498413 0.148251 0.652910 0.016461
1 0.502646 0.190535 0.657143 0.018519
1 0.502646 0.234877 0.652910 0.016461
1 0.502646 0.965329 0.657143 0.016461
