1 0.499999 0.290530 0.656783 0.020528
1 0.499251 0.329915 0.656105 0.020425
1 0.499064 0.371594 0.655436 0.020091
1 0.502745 0.414192 0.654308 0.018344
1 0.498173 0.458741 0.657682 0.020091
1 0.499963 0.500233 0.656220 0.017470
1 0.499730 0.542255 0.655436 0.019217
1 0.499224 0.586139 0.655436 0.020091
1 0.499296 0.635249 0.658131 0.020964
1 0.500225 0.675659 0.655436 0.020091
1 0.503239 0.718517 0.653639 0.020648
1 0.501732 0.760944 0.655436 0.020964
1 0.498811 0.806148 0.653132 0.020091
1 0.500180 0.844524 0.653409 0.020091
1 0.502116 0.888962 0.655885 0.019868
1 0.505552 0.936840 0.658638 0.019013
1 0.501732 0.975835 0.657233 0.020964
1 0.498782 0.031730 0.654987 0.020091
1 0.498782 0.078081 0.655885 0.021838
1 0.500225 0.114781 0.653639 0.017767
1 0.497354 0.158539 0.652910 0.016461
1 0.501587 0.202881 0.657143 0.018519
1 0.499471 0.241049 0.652910 0.016461
