1 0.497135 0.052137 0.656105 0.020425
1 0.504355 0.095874 0.655436 0.020091
1 0.500629 0.130241 0.654308 0.018344
1 0.501348 0.178906 0.657682 0.020091
1 0.502079 0.220398 0.656220 0.017470
1 0.503963 0.264477 0.655436 0.019217
1 0.502398 0.304246 0.655436 0.020091
1 0.504587 0.347183 0.658131 0.020964
1 0.502341 0.389651 0.655436 0.020091
1 0.496890 0.432509 0.653639 0.020648
1 0.498557 0.479051 0.655436 0.020964
1 0.498811 0.526312 0.653132 0.020091
1 0.498063 0.568804 0.653409 0.020091
1 0.498942 0.609126 0.655885 0.019868
1 0.498144 0.648774 0.658638 0.019013
1 0.498557 0.693222 0.657233 0.020964
1 0.496666 0.736771 0.654987 0.020091
1 0.495607 0.782504 0.655885 0.021838
1 0.494934 0.822600 0.653639 0.017767
1 0.499471 0.867284 0.652910 0.016461
1 0.502116 0.917284 0.656085 0.015226
1 0.503704 0.957819 0.657143 0.024691
0 0.500000 0.987654 0.656085 0.018519
