1 0.498941 0.257608 0.656783 0.020528
1 0.497135 0.294935 0.656105 0.020425
1 0.502239 0.342787 0.655436 0.020091
1 0.501687 0.389500 0.654308 0.018344
1 0.502406 0.427877 0.657682 0.020091
1 0.502079 0.469369 0.656220 0.017470
1 0.499730 0.511390 0.655436 0.019217
1 0.499224 0.555275 0.655436 0.020091
1 0.498238 0.600270 0.658131 0.020964
1 0.503399 0.648910 0.655436 0.020091
1 0.502181 0.691768 0.653639 0.020648
1 0.499616 0.730080 0.655436 0.020964
1 0.496694 0.773226 0.653132 0.020091
1 0.497005 0.819833 0.653409 0.020091
1 0.501058 0.864270 0.655885 0.019868
1 0.501319 0.901861 0.658638 0.019013
1 0.501732 0.946308 0.657233 0.020964
1 0.500898 0.990063 0.654987 0.020091
1 0.497724 0.046702 0.655885 0.021838
1 0.499166 0.090089 0.653639 0.017767
1 0.495238 0.129733 0.652910 0.016461
1 0.499471 0.174074 0.657143 0.018519
1 0.495238 0.210185 0.652910 0.016461
