1 0.502115 0.232917 0.656783 0.020528
1 0.503484 0.272301 0.656105 0.020425
1 0.501180 0.311923 0.655436 0.020091
1 0.498512 0.354521 0.654308 0.018344
1 0.501348 0.401128 0.657682 0.020091
1 0.501021 0.442620 0.656220 0.017470
1 0.501847 0.490814 0.655436 0.019217
1 0.500282 0.530583 0.655436 0.020091
1 0.502471 0.571463 0.658131 0.020964
1 0.500225 0.618046 0.655436 0.020091
1 0.499007 0.658847 0.653639 0.020648
1 0.496441 0.705388 0.655436 0.020964
1 0.497753 0.750592 0.653132 0.020091
1 0.500180 0.793084 0.653409 0.020091
1 0.500000 0.831349 0.655885 0.019868
1 0.501319 0.875112 0.658638 0.019013
1 0.499616 0.921617 0.657233 0.020964
1 0.498782 0.969281 0.654987 0.020091
0 0.501957 0.019130 0.655885 0.021838
1 0.499166 0.055110 0.653639 0.017767
1 0.497354 0.096811 0.652910 0.016461
1 0.501587 0.141152 0.657143 0.018519
1 0.499471 0.183436 0.652910 0.016461
