0 0.502014 0.019239 0.658466 0.019533
1 0.498006 0.047127 0.656334 0.022275
1 0.500789 0.091972 0.655206 0.018985
1 0.501957 0.133740 0.656783 0.020528
1 0.501368 0.179709 0.656105 0.020425
1 0.500122 0.221388 0.655436 0.020091
1 0.498512 0.261928 0.654308 0.018344
1 0.500290 0.306478 0.657682 0.020091
1 0.501021 0.345912 0.656220 0.017470
1 0.500789 0.389991 0.655436 0.019217
1 0.500282 0.433875 0.655436 0.020091
1 0.501413 0.478871 0.658131 0.020964
1 0.495992 0.519281 0.655436 0.020091
1 0.501123 0.562139 0.653639 0.020648
1 0.498557 0.606623 0.655436 0.020964
1 0.497753 0.647711 0.653132 0.020091
1 0.497005 0.694318 0.653409 0.020091
1 0.500000 0.740814 0.655885 0.019868
1 0.501319 0.780462 0.658638 0.019013
1 0.499616 0.826966 0.657233 0.020964
1 0.500898 0.868458 0.654987 0.020091
1 0.500898 0.914192 0.655885 0.021838
1 0.500225 0.954287 0.653639 0.017767
0 0.502116 0.989712 0.647619 0.010288
