1 0.499999 0.237032 0.656783 0.020528
1 0.500309 0.282590 0.656105 0.020425
1 0.501180 0.326326 0.655436 0.020091
1 0.496396 0.373039 0.654308 0.018344
1 0.499231 0.411416 0.657682 0.020091
1 0.501021 0.457023 0.656220 0.017470
1 0.497614 0.503160 0.655436 0.019217
1 0.496049 0.549102 0.655436 0.020091
1 0.502471 0.583809 0.658131 0.020964
1 0.500225 0.628334 0.655436 0.020091
1 0.497948 0.669135 0.653639 0.020648
1 0.502790 0.713619 0.655436 0.020964
1 0.496694 0.756765 0.653132 0.020091
1 0.499121 0.801314 0.653409 0.020091
1 0.498942 0.843694 0.655885 0.019868
1 0.500261 0.883342 0.658638 0.019013
1 0.499616 0.927789 0.657233 0.020964
1 0.500898 0.969487 0.654987 0.020091
1 0.500898 0.026126 0.655885 0.021838
1 0.498108 0.071571 0.653639 0.017767
1 0.498413 0.117387 0.652910 0.016461
1 0.500529 0.159671 0.657143 0.018519
1 0.500529 0.195782 0.652910 0.016461
