1 0.502115 0.302876 0.656783 0.020528
1 0.499251 0.348433 0.656105 0.020425
1 0.501180 0.392170 0.655436 0.020091
1 0.501687 0.436825 0.654308 0.018344
1 0.502406 0.475202 0.657682 0.020091
1 0.502079 0.524924 0.656220 0.017470
1 0.503963 0.566946 0.655436 0.019217
1 0.500282 0.608772 0.655436 0.020091
1 0.498238 0.651710 0.658131 0.020964
1 0.503399 0.690063 0.655436 0.020091
1 0.500065 0.734978 0.653639 0.020648
1 0.504907 0.777405 0.655436 0.020964
1 0.501985 0.826724 0.653132 0.020091
1 0.503354 0.869215 0.653409 0.020091
1 0.504233 0.909538 0.655885 0.019868
1 0.502377 0.951244 0.658638 0.019013
1 0.500898 0.047059 0.654987 0.020091
1 0.503015 0.096085 0.655885 0.021838
1 0.498108 0.137415 0.653639 0.017767
1 0.500529 0.181173 0.652910 0.016461
1 0.502646 0.219342 0.657143 0.018519
1 0.500529 0.259568 0.652910 0.016461
1 0.501587 0.990741 0.657143 0.016461
0 0.497354 0.016461 0.652910 0.022634
