1 0.503174 0.179419 0.656783 0.020528
1 0.504542 0.218804 0.656105 0.020425
1 0.504355 0.268713 0.655436 0.020091
1 0.501687 0.313369 0.654308 0.018344
1 0.501348 0.349687 0.657682 0.020091
1 0.501021 0.393237 0.656220 0.017470
1 0.501847 0.433201 0.655436 0.019217
1 0.499224 0.481200 0.655436 0.020091
1 0.501413 0.520023 0.658131 0.020964
1 0.502341 0.564548 0.655436 0.020091
1 0.500065 0.609464 0.653639 0.020648
1 0.500674 0.656006 0.655436 0.020964
1 0.498811 0.697094 0.653132 0.020091
1 0.500180 0.737528 0.653409 0.020091
1 0.500000 0.786081 0.655885 0.019868
1 0.502377 0.823672 0.658638 0.019013
1 0.498557 0.868119 0.657233 0.020964
1 0.498782 0.917841 0.654987 0.020091
1 0.500898 0.957402 0.655885 0.021838
0 0.500225 0.987209 0.653639 0.017767
1 0.496296 0.049486 0.652910 0.016461
1 0.499471 0.087654 0.657143 0.018519
1 0.499471 0.136111 0.652910 0.016461
