1 0.493651 0.109053 0.656085 0.018519
1 0.491534 0.159465 0.649735 0.016461
1 0.492063 0.203704 0.652910 0.018519
1 0.495767 0.244856 0.653968 0.018519
1 0.492063 0.288066 0.652910 0.018519
1 0.493651 0.331276 0.649735 0.018519
1 0.492593 0.369342 0.649735 0.020576
1 0.494180 0.413580 0.652910 0.018519
1 0.491534 0.462963 0.651852 0.018519
1 0.492063 0.497942 0.650794 0.018519
1 0.495238 0.543210 0.652910 0.018519
1 0.493651 0.585391 0.649735 0.024691
1 0.494709 0.628601 0.651852 0.024691
1 0.500000 0.675926 0.651852 0.020576
1 0.498413 0.763374 0.646561 0.018519
1 0.502116 0.715021 0.656085 0.024691
1 0.502646 0.797325 0.652910 0.020576
1 0.498413 0.845679 0.652910 0.018519
1 0.501058 0.890947 0.653968 0.018519
1 0.503704 0.937243 0.655026 0.016461
1 0.500529 0.974280 0.650794 0.020576
1 0.494709 0.069959 0.653968 0.026749
1 0.490476 0.031276 0.649735 0.020576
