1 0.498942 0.061728 0.656085 0.018519
1 0.496825 0.101852 0.649735 0.016461
1 0.497354 0.148148 0.652910 0.018519
1 0.496825 0.187243 0.653968 0.018519
1 0.494180 0.230453 0.652910 0.018519
1 0.497884 0.275720 0.649735 0.018519
1 0.498942 0.319959 0.649735 0.020576
1 0.501587 0.362140 0.652910 0.018519
1 0.500000 0.405350 0.651852 0.018519
1 0.497354 0.450617 0.650794 0.018519
1 0.499471 0.487654 0.652910 0.018519
1 0.498942 0.533951 0.649735 0.024691
1 0.496825 0.575103 0.651852 0.024691
1 0.494709 0.616255 0.651852 0.020576
1 0.497354 0.662551 0.646561 0.018519
1 0.498942 0.705761 0.656085 0.014403
1 0.498413 0.747942 0.652910 0.020576
1 0.500529 0.794239 0.652910 0.018519
1 0.498942 0.829218 0.653968 0.018519
1 0.498413 0.881687 0.655026 0.016461
1 0.501587 0.918724 0.650794 0.020576
1 0.496825 0.022634 0.656085 0.018519
1 0.501058 0.963786 0.649735 0.020576
