1 0.497884 0.109053 0.656085 0.018519
1 0.494709 0.155350 0.649735 0.016461
1 0.491005 0.201646 0.652910 0.018519
1 0.497884 0.236626 0.653968 0.018519
1 0.495238 0.286008 0.652910 0.018519
1 0.493651 0.325103 0.649735 0.018519
1 0.493651 0.369342 0.649735 0.020576
1 0.496296 0.409465 0.652910 0.018519
1 0.498942 0.458848 0.651852 0.018519
1 0.495238 0.502058 0.650794 0.018519
1 0.496296 0.541152 0.652910 0.018519
1 0.497884 0.587449 0.649735 0.024691
1 0.497884 0.628601 0.651852 0.024691
1 0.498942 0.671811 0.651852 0.020576
1 0.495238 0.713992 0.646561 0.018519
1 0.498942 0.756173 0.656085 0.024691
1 0.497354 0.803498 0.652910 0.020576
1 0.499471 0.853909 0.652910 0.018519
1 0.501058 0.890947 0.653968 0.018519
1 0.500529 0.933128 0.655026 0.016461
1 0.498413 0.980453 0.650794 0.020576
1 0.495767 0.069959 0.653968 0.026749
1 0.490476 0.029218 0.649735 0.020576
