1 0.499730 0.026128 0.655206 0.018985
1 0.501957 0.069954 0.656783 0.020528
1 0.502426 0.111808 0.656105 0.020425
1 0.499064 0.157602 0.655436 0.020091
1 0.496396 0.202258 0.654308 0.018344
1 0.500290 0.236519 0.657682 0.020091
1 0.504195 0.286241 0.656220 0.017470
1 0.500789 0.330320 0.655436 0.019217
1 0.502398 0.372147 0.655436 0.020091
1 0.501413 0.415085 0.658131 0.020964
1 0.500225 0.457552 0.655436 0.020091
1 0.501123 0.500410 0.653639 0.020648
1 0.497499 0.549010 0.655436 0.020964
1 0.494578 0.585983 0.653132 0.020091
1 0.501238 0.626417 0.653409 0.020091
1 0.497884 0.670855 0.655885 0.019868
1 0.497086 0.714618 0.658638 0.019013
1 0.497499 0.754950 0.657233 0.020964
1 0.498782 0.798499 0.654987 0.020091
1 0.498782 0.846290 0.655885 0.021838
1 0.498108 0.892559 0.653639 0.017767
1 0.497354 0.935185 0.652910 0.016461
1 0.500529 0.974486 0.657143 0.018519
