1 0.502115 0.288473 0.656783 0.020528
1 0.500309 0.336087 0.656105 0.020425
1 0.502239 0.377767 0.655436 0.020091
1 0.501687 0.420365 0.654308 0.018344
1 0.502406 0.460799 0.657682 0.020091
1 0.502079 0.504348 0.656220 0.017470
1 0.500789 0.546370 0.655436 0.019217
1 0.500282 0.588196 0.655436 0.020091
1 0.501413 0.633192 0.658131 0.020964
1 0.504457 0.673602 0.655436 0.020091
1 0.501123 0.722633 0.653639 0.020648
1 0.500674 0.767117 0.655436 0.020964
1 0.500927 0.810263 0.653132 0.020091
1 0.503354 0.852754 0.653409 0.020091
1 0.503175 0.895135 0.655885 0.019868
1 0.503435 0.940956 0.658638 0.019013
1 0.501957 0.034713 0.654987 0.020091
1 0.504073 0.075509 0.655885 0.021838
1 0.499166 0.116838 0.653639 0.017767
1 0.500529 0.156481 0.652910 0.016461
1 0.502646 0.202881 0.657143 0.018519
1 0.500529 0.245165 0.652910 0.016461
1 0.503704 0.981019 0.659259 0.017593
