0 0.498193 0.019215 0.656105 0.020425
1 0.503297 0.058837 0.655436 0.020091
1 0.499571 0.105550 0.654308 0.018344
1 0.500290 0.148041 0.657682 0.020091
1 0.499963 0.187476 0.656220 0.017470
1 0.497614 0.233613 0.655436 0.019217
1 0.500282 0.275439 0.655436 0.020091
1 0.502471 0.318377 0.658131 0.020964
1 0.502341 0.354672 0.655436 0.020091
1 0.503239 0.405760 0.653639 0.020648
1 0.500674 0.444071 0.655436 0.020964
1 0.498811 0.485160 0.653132 0.020091
1 0.501238 0.535882 0.653409 0.020091
1 0.498942 0.576205 0.655885 0.019868
1 0.499203 0.619968 0.658638 0.019013
1 0.498557 0.658242 0.657233 0.020964
1 0.495607 0.705907 0.654987 0.020091
1 0.498782 0.749583 0.655885 0.021838
1 0.500225 0.789678 0.653639 0.017767
1 0.498413 0.840535 0.652910 0.016461
1 0.505291 0.878189 0.656085 0.015226
1 0.502646 0.920782 0.657143 0.024691
1 0.504233 0.968416 0.656085 0.014403
