1 0.498942 0.057613 0.656085 0.018519
1 0.498942 0.097737 0.649735 0.016461
1 0.498413 0.141975 0.652910 0.018519
1 0.500000 0.179012 0.653968 0.018519
1 0.498413 0.230453 0.652910 0.018519
1 0.498942 0.273663 0.649735 0.018519
1 0.497884 0.315844 0.649735 0.020576
1 0.500529 0.358025 0.652910 0.018519
1 0.498942 0.403292 0.651852 0.018519
1 0.495238 0.440329 0.650794 0.018519
1 0.498413 0.485597 0.652910 0.018519
1 0.498942 0.527778 0.649735 0.024691
1 0.496825 0.575103 0.651852 0.024691
1 0.495767 0.618313 0.651852 0.020576
1 0.498413 0.652263 0.646561 0.018519
1 0.500000 0.699588 0.656085 0.014403
1 0.498413 0.741770 0.652910 0.020576
1 0.498413 0.779835 0.652910 0.018519
1 0.498942 0.833333 0.653968 0.018519
1 0.501587 0.877572 0.655026 0.016461
1 0.500529 0.920782 0.650794 0.020576
1 0.496825 0.014403 0.653968 0.026749
1 0.502116 0.957613 0.649735 0.020576
