1 0.497884 0.065844 0.656085 0.018519
1 0.500000 0.103909 0.649735 0.016461
1 0.497354 0.152263 0.652910 0.018519
1 0.496825 0.195473 0.653968 0.018519
1 0.498413 0.240741 0.652910 0.018519
1 0.500000 0.283951 0.649735 0.018519
1 0.497884 0.328189 0.649735 0.020576
1 0.501587 0.368313 0.652910 0.018519
1 0.497884 0.411523 0.651852 0.018519
1 0.497354 0.458848 0.650794 0.018519
1 0.501587 0.497942 0.652910 0.018519
1 0.500000 0.540123 0.649735 0.024691
1 0.496825 0.587449 0.651852 0.024691
1 0.502116 0.624486 0.651852 0.020576
1 0.497354 0.672840 0.646561 0.018519
1 0.498942 0.713992 0.656085 0.014403
1 0.498413 0.758230 0.652910 0.020576
1 0.498413 0.808642 0.652910 0.018519
1 0.502116 0.843621 0.653968 0.018519
1 0.502646 0.885802 0.655026 0.016461
1 0.500529 0.933128 0.650794 0.020576
1 0.500529 0.971193 0.657143 0.026749
1 0.496825 0.024691 0.653968 0.026749
