1 0.498941 0.199995 0.656783 0.020528
1 0.500309 0.247610 0.656105 0.020425
1 0.496948 0.289289 0.655436 0.020091
1 0.497454 0.329830 0.654308 0.018344
1 0.497115 0.370264 0.657682 0.020091
1 0.502079 0.417928 0.656220 0.017470
1 0.497614 0.459950 0.655436 0.019217
1 0.499224 0.501777 0.655436 0.020091
1 0.497180 0.552945 0.658131 0.020964
1 0.500225 0.591297 0.655436 0.020091
1 0.497948 0.634155 0.653639 0.020648
1 0.499616 0.680697 0.655436 0.020964
1 0.497753 0.717670 0.653132 0.020091
1 0.497005 0.762220 0.653409 0.020091
1 0.500000 0.802542 0.655885 0.019868
1 0.500261 0.844248 0.658638 0.019013
1 0.498557 0.888695 0.657233 0.020964
1 0.499840 0.930392 0.654987 0.020091
1 0.497050 0.032476 0.653639 0.017767
1 0.495238 0.070062 0.652910 0.016461
1 0.499471 0.116461 0.657143 0.018519
1 0.496296 0.156687 0.652910 0.016461
1 0.497884 0.980453 0.651852 0.022634
