1 0.498941 0.311106 0.656783 0.020528
1 0.499251 0.356664 0.656105 0.020425
1 0.496948 0.396285 0.655436 0.020091
1 0.497454 0.440941 0.654308 0.018344
1 0.497115 0.483432 0.657682 0.020091
1 0.498904 0.524924 0.656220 0.017470
1 0.496556 0.573119 0.655436 0.019217
1 0.498166 0.612888 0.655436 0.020091
1 0.497180 0.655825 0.658131 0.020964
1 0.501283 0.698293 0.655436 0.020091
1 0.497948 0.743209 0.653639 0.020648
1 0.497499 0.785635 0.655436 0.020964
1 0.496694 0.826724 0.653132 0.020091
1 0.499121 0.875388 0.653409 0.020091
1 0.498942 0.913653 0.655885 0.019868
1 0.503435 0.961532 0.658638 0.019013
0 0.499616 0.990135 0.657233 0.020964
1 0.498782 0.054364 0.654987 0.020091
1 0.499840 0.096599 0.655885 0.021838
1 0.499166 0.139472 0.653639 0.017767
1 0.499471 0.185288 0.652910 0.016461
1 0.499471 0.227572 0.657143 0.018519
1 0.499471 0.269856 0.652910 0.016461
0 0.496825 0.019547 0.651852 0.016461
