1 0.499840 0.049378 0.656783 0.020528
1 0.502426 0.093289 0.656105 0.020425
1 0.499064 0.134968 0.655436 0.020091
1 0.499571 0.175509 0.654308 0.018344
1 0.499231 0.220058 0.657682 0.020091
1 0.501021 0.261550 0.656220 0.017470
1 0.497614 0.303571 0.655436 0.019217
1 0.502398 0.351571 0.655436 0.020091
1 0.503529 0.392451 0.658131 0.020964
1 0.502341 0.428746 0.655436 0.020091
1 0.500065 0.473661 0.653639 0.020648
1 0.498557 0.518146 0.655436 0.020964
1 0.497753 0.563349 0.653132 0.020091
1 0.498063 0.607899 0.653409 0.020091
1 0.495767 0.648221 0.655885 0.019868
1 0.498144 0.689927 0.658638 0.019013
1 0.497499 0.736431 0.657233 0.020964
1 0.496666 0.779981 0.654987 0.020091
1 0.495607 0.825714 0.655885 0.021838
1 0.497050 0.865810 0.653639 0.017767
1 0.498413 0.910494 0.652910 0.016461
1 0.500000 0.952263 0.656085 0.015226
0 0.498942 0.021605 0.649735 0.016461
0 0.498942 0.988735 0.643386 0.020679
