1 0.499999 0.241147 0.656783 0.020528
1 0.497135 0.282590 0.656105 0.020425
1 0.501180 0.324269 0.655436 0.020091
1 0.498512 0.366867 0.654308 0.018344
1 0.501348 0.407301 0.657682 0.020091
1 0.498904 0.450850 0.656220 0.017470
1 0.497614 0.496987 0.655436 0.019217
1 0.498166 0.536756 0.655436 0.020091
1 0.498238 0.585867 0.658131 0.020964
1 0.498108 0.624219 0.655436 0.020091
1 0.494774 0.671192 0.653639 0.020648
1 0.498557 0.707446 0.655436 0.020964
1 0.498811 0.754707 0.653132 0.020091
1 0.500180 0.795141 0.653409 0.020091
1 0.501058 0.839579 0.655885 0.019868
1 0.501319 0.885400 0.658638 0.019013
1 0.502790 0.929847 0.657233 0.020964
1 0.506189 0.972162 0.654987 0.020091
1 0.498782 0.024068 0.655885 0.021838
1 0.497050 0.069513 0.653639 0.017767
1 0.497354 0.107099 0.652910 0.016461
1 0.500529 0.155556 0.657143 0.018519
1 0.496296 0.195782 0.652910 0.016461
