1 0.498942 0.092593 0.656085 0.018519
1 0.496825 0.130658 0.649735 0.016461
1 0.497354 0.174897 0.652910 0.018519
1 0.493651 0.220165 0.653968 0.018519
1 0.498413 0.261317 0.652910 0.018519
1 0.497884 0.302469 0.649735 0.018519
1 0.493651 0.348765 0.649735 0.020576
1 0.493122 0.397119 0.652910 0.018519
1 0.496825 0.436214 0.651852 0.018519
1 0.495238 0.477366 0.650794 0.018519
1 0.495238 0.518519 0.652910 0.018519
1 0.494709 0.564815 0.649735 0.024691
1 0.494709 0.610082 0.651852 0.024691
1 0.496825 0.651235 0.651852 0.020576
1 0.494180 0.693416 0.646561 0.018519
1 0.498942 0.734568 0.656085 0.014403
1 0.498413 0.776749 0.652910 0.020576
1 0.498413 0.823045 0.652910 0.018519
1 0.498942 0.866255 0.653968 0.018519
1 0.500529 0.908436 0.655026 0.016461
1 0.496296 0.953704 0.650794 0.020576
1 0.497884 0.053498 0.653968 0.026749
0 0.495767 0.990535 0.649735 0.020576
