1 0.498942 0.065844 0.656085 0.018519
1 0.501058 0.108025 0.649735 0.016461
1 0.497354 0.148148 0.652910 0.018519
1 0.497884 0.191358 0.653968 0.018519
1 0.501587 0.226337 0.652910 0.018519
1 0.498942 0.273663 0.649735 0.018519
1 0.491534 0.319959 0.649735 0.020576
1 0.498413 0.358025 0.652910 0.018519
1 0.494709 0.405350 0.651852 0.018519
1 0.498413 0.450617 0.650794 0.018519
1 0.496296 0.491770 0.652910 0.018519
1 0.495767 0.533951 0.649735 0.024691
1 0.496825 0.579218 0.651852 0.024691
1 0.496825 0.620370 0.651852 0.020576
1 0.497884 0.664609 0.658201 0.018519
1 0.493651 0.707819 0.656085 0.014403
1 0.496296 0.750000 0.652910 0.020576
1 0.497354 0.792181 0.652910 0.018519
1 0.500000 0.837449 0.653968 0.018519
1 0.498413 0.879630 0.655026 0.016461
1 0.500529 0.922840 0.650794 0.020576
1 0.499894 0.960905 0.657143 0.026749
1 0.495238 0.023663 0.635979 0.020576
