1 0.498942 0.082305 0.656085 0.018519
1 0.496825 0.126543 0.649735 0.016461
1 0.498413 0.172840 0.652910 0.018519
1 0.494709 0.216049 0.653968 0.018519
1 0.498413 0.255144 0.652910 0.018519
1 0.497884 0.296296 0.649735 0.018519
1 0.494709 0.344650 0.649735 0.020576
1 0.500529 0.386831 0.652910 0.018519
1 0.498942 0.430041 0.651852 0.018519
1 0.500529 0.471193 0.650794 0.018519
1 0.500529 0.514403 0.652910 0.018519
1 0.500000 0.554527 0.649735 0.024691
1 0.496825 0.597737 0.651852 0.024691
1 0.497884 0.640947 0.651852 0.020576
1 0.494180 0.685185 0.646561 0.018519
1 0.495767 0.726337 0.656085 0.014403
1 0.493122 0.772634 0.652910 0.020576
1 0.499471 0.816872 0.652910 0.018519
1 0.500000 0.855967 0.653968 0.018519
1 0.503704 0.904321 0.655026 0.016461
1 0.500529 0.947531 0.650794 0.020576
1 0.495767 0.041152 0.653968 0.026749
0 0.493651 0.984568 0.649735 0.020576
