1 0.505131 0.025098 0.656783 0.020528
1 0.501368 0.066540 0.656105 0.020425
1 0.501180 0.110277 0.655436 0.020091
1 0.500629 0.159048 0.654308 0.018344
1 0.502406 0.201539 0.657682 0.020091
1 0.502079 0.243031 0.656220 0.017470
1 0.502905 0.287111 0.655436 0.019217
1 0.500282 0.328937 0.655436 0.020091
1 0.501413 0.369817 0.658131 0.020964
1 0.501283 0.412285 0.655436 0.020091
1 0.497948 0.455143 0.653639 0.020648
1 0.499616 0.501685 0.655436 0.020964
1 0.498811 0.540716 0.653132 0.020091
1 0.500180 0.585265 0.653409 0.020091
1 0.498942 0.629703 0.655885 0.019868
1 0.502377 0.679639 0.658638 0.019013
1 0.500674 0.724086 0.657233 0.020964
1 0.500898 0.765578 0.654987 0.020091
1 0.499840 0.801023 0.655885 0.021838
1 0.499166 0.849349 0.653639 0.017767
1 0.498413 0.894033 0.652910 0.016461
1 0.499471 0.933333 0.657143 0.018519
1 0.498413 0.973560 0.652910 0.016461
