1 0.503175 0.061728 0.656085 0.018519
1 0.498942 0.101852 0.649735 0.016461
1 0.504762 0.144033 0.652910 0.018519
1 0.502116 0.193416 0.653968 0.018519
1 0.501587 0.230453 0.652910 0.018519
1 0.501058 0.271605 0.649735 0.018519
1 0.501058 0.315844 0.649735 0.020576
1 0.502646 0.360082 0.652910 0.018519
1 0.502116 0.403292 0.651852 0.018519
1 0.499471 0.446502 0.650794 0.018519
1 0.504762 0.492798 0.659259 0.020576
1 0.500529 0.538066 0.644444 0.020576
1 0.498942 0.577160 0.647619 0.020576
1 0.503175 0.618313 0.651852 0.020576
1 0.503704 0.667695 0.659259 0.020576
1 0.502116 0.705761 0.649735 0.018519
1 0.501587 0.754115 0.652910 0.020576
1 0.499471 0.792181 0.652910 0.018519
1 0.498942 0.835391 0.653968 0.018519
1 0.499471 0.877572 0.655026 0.016461
1 0.497354 0.926955 0.650794 0.020576
1 0.499471 0.024691 0.648677 0.018519
1 0.500000 0.969959 0.649735 0.020576
