1 0.502115 0.214398 0.656783 0.020528
1 0.497135 0.257898 0.656105 0.020425
1 0.496948 0.303693 0.655436 0.020091
1 0.502745 0.342175 0.654308 0.018344
1 0.501348 0.388782 0.657682 0.020091
1 0.502079 0.432332 0.656220 0.017470
1 0.502905 0.476411 0.655436 0.019217
1 0.501340 0.518237 0.655436 0.020091
1 0.503529 0.565290 0.658131 0.020964
1 0.502341 0.601585 0.655436 0.020091
1 0.500065 0.644443 0.653639 0.020648
1 0.500674 0.686870 0.655436 0.020964
1 0.500927 0.734131 0.653132 0.020091
1 0.500180 0.774565 0.653409 0.020091
1 0.505291 0.821061 0.655885 0.019868
1 0.505552 0.862766 0.658638 0.019013
1 0.505965 0.907213 0.657233 0.020964
1 0.505131 0.945413 0.654987 0.020091
1 0.498108 0.042764 0.653639 0.017767
1 0.499471 0.090638 0.652910 0.016461
1 0.503704 0.132922 0.657143 0.018519
1 0.502646 0.177263 0.652910 0.016461
1 0.501058 0.989300 0.651852 0.022634
0 0.497354 0.012346 0.655026 0.018519
