1 0.498942 0.088477 0.656085 0.018519
1 0.495767 0.128601 0.649735 0.016461
1 0.493122 0.170782 0.652910 0.018519
1 0.496825 0.216049 0.653968 0.018519
1 0.498413 0.263374 0.652910 0.018519
1 0.497884 0.304527 0.649735 0.018519
1 0.495767 0.346708 0.649735 0.020576
1 0.497354 0.390947 0.652910 0.018519
1 0.497884 0.436214 0.651852 0.018519
1 0.496296 0.473251 0.650794 0.018519
1 0.496296 0.520576 0.652910 0.018519
1 0.496825 0.564815 0.649735 0.024691
1 0.495767 0.605967 0.651852 0.024691
1 0.496825 0.645062 0.651852 0.020576
1 0.495238 0.683128 0.646561 0.018519
1 0.497884 0.726337 0.656085 0.014403
1 0.496296 0.776749 0.652910 0.020576
1 0.497354 0.818930 0.652910 0.018519
1 0.494709 0.864198 0.653968 0.018519
1 0.497354 0.906379 0.655026 0.016461
1 0.493122 0.949588 0.650794 0.020576
1 0.495767 0.045267 0.653968 0.026749
0 0.502116 0.989918 0.649735 0.020576
