1 0.503174 0.302876 0.656783 0.020528
1 0.500309 0.348433 0.656105 0.020425
1 0.502239 0.390112 0.655436 0.020091
1 0.501687 0.434768 0.654308 0.018344
1 0.502406 0.479317 0.657682 0.020091
1 0.498904 0.520809 0.656220 0.017470
1 0.502905 0.564888 0.655436 0.019217
1 0.502398 0.604657 0.655436 0.020091
1 0.503529 0.651710 0.658131 0.020964
1 0.498108 0.692120 0.655436 0.020091
1 0.499007 0.734978 0.653639 0.020648
1 0.500674 0.777405 0.655436 0.020964
1 0.501985 0.820551 0.653132 0.020091
1 0.501238 0.858927 0.653409 0.020091
1 0.502116 0.909538 0.655885 0.019868
1 0.504494 0.949186 0.658638 0.019013
1 0.499840 0.045002 0.654987 0.020091
1 0.500898 0.089912 0.655885 0.021838
1 0.497050 0.131242 0.653639 0.017767
1 0.499471 0.175000 0.652910 0.016461
1 0.501587 0.217284 0.657143 0.018519
1 0.502646 0.259568 0.652910 0.016461
1 0.503704 0.992078 0.657143 0.016461
0 0.498413 0.013374 0.652910 0.026749
