1 0.501057 0.284357 0.656783 0.020528
1 0.499251 0.327857 0.656105 0.020425
1 0.501180 0.367479 0.655436 0.020091
1 0.501687 0.408019 0.654308 0.018344
1 0.502406 0.456683 0.657682 0.020091
1 0.499963 0.496118 0.656220 0.017470
1 0.498672 0.544312 0.655436 0.019217
1 0.503457 0.582023 0.655436 0.020091
1 0.501413 0.627019 0.658131 0.020964
1 0.500225 0.667429 0.655436 0.020091
1 0.501123 0.714402 0.653639 0.020648
1 0.502790 0.752713 0.655436 0.020964
1 0.498811 0.799975 0.653132 0.020091
1 0.499121 0.840409 0.653409 0.020091
1 0.500000 0.888962 0.655885 0.019868
1 0.501319 0.926552 0.658638 0.019013
1 0.503015 0.026483 0.654987 0.020091
1 0.499840 0.065221 0.655885 0.021838
1 0.498108 0.108608 0.653639 0.017767
1 0.498413 0.158539 0.652910 0.016461
1 0.502646 0.196708 0.657143 0.018519
1 0.499471 0.234877 0.652910 0.016461
1 0.497884 0.970165 0.649735 0.024691
