1 0.501057 0.097114 0.656783 0.020528 0.573019
1 0.501368 0.148845 0.656105 0.020425 0.573019
1 0.501180 0.184351 0.655436 0.020091 0.573019
1 0.499571 0.229007 0.654308 0.018344 0.573019
1 0.503464 0.277671 0.657682 0.020091 0.573019
1 0.501021 0.317105 0.656220 0.017470 0.573019
1 0.501847 0.361185 0.655436 0.019217 0.573019
1 0.503457 0.407126 0.655436 0.020091 0.573019
1 0.503529 0.450064 0.658131 0.020964 0.573019
1 0.501283 0.490474 0.655436 0.020091 0.573019
1 0.499007 0.535390 0.653639 0.020648 0.573019
1 0.499616 0.573701 0.655436 0.020964 0.573019
1 0.498811 0.614790 0.653132 0.020091 0.573019
1 0.500180 0.659339 0.653409 0.020091 0.573019
1 0.502116 0.707892 0.655885 0.019868 0.573019
1 0.502377 0.747540 0.658638 0.019013 0.573019
1 0.498557 0.794045 0.657233 0.020964 0.573019
1 0.501957 0.837594 0.654987 0.020091 0.573019
1 0.498782 0.877155 0.655885 0.021838 0.573019
1 0.498108 0.925480 0.653639 0.017767 0.573019
1 0.498413 0.968107 0.652910 0.016461 0.573019
0 0.501587 0.015638 0.657143 0.018519 0.573019
1 0.498413 0.055864 0.652910 0.016461 0.573019
