1 0.501057 0.224687 0.656783 0.020528 0.960784
1 0.501368 0.268186 0.656105 0.020425 0.960784
1 0.499064 0.309866 0.655436 0.020091 0.960784
1 0.498512 0.356579 0.654308 0.018344 0.960784
1 0.497115 0.399070 0.657682 0.020091 0.960784
1 0.498904 0.440562 0.656220 0.017470 0.960784
1 0.496556 0.486699 0.655436 0.019217 0.960784
1 0.498166 0.528526 0.655436 0.020091 0.960784
1 0.496122 0.573521 0.658131 0.020964 0.960784
1 0.494934 0.615989 0.655436 0.020091 0.960784
1 0.497948 0.656789 0.653639 0.020648 0.960784
1 0.495383 0.701273 0.655436 0.020964 0.960784
1 0.497753 0.740304 0.653132 0.020091 0.960784
1 0.499121 0.786911 0.653409 0.020091 0.960784
1 0.497884 0.827233 0.655885 0.019868 0.960784
1 0.501319 0.870997 0.658638 0.019013 0.960784
1 0.499616 0.913386 0.657233 0.020964 0.960784
1 0.501957 0.955084 0.654987 0.020091 0.960784
1 0.500898 0.013780 0.655885 0.021838 0.960784
1 0.502341 0.055110 0.653639 0.017767 0.960784
1 0.496296 0.100926 0.652910 0.016461 0.960784
1 0.498413 0.143210 0.657143 0.018519 0.960784
1 0.498413 0.185494 0.652910 0.016461 0.960784
