1 0.503174 0.202053 0.656783 0.020528 0.519865
1 0.504542 0.243495 0.656105 0.020425 0.519865
1 0.501180 0.291347 0.655436 0.020091 0.519865
1 0.501687 0.333945 0.654308 0.018344 0.519865
1 0.501348 0.372321 0.657682 0.020091 0.519865
1 0.501021 0.419986 0.656220 0.017470 0.519865
1 0.501847 0.462008 0.655436 0.019217 0.519865
1 0.500282 0.505892 0.655436 0.020091 0.519865
1 0.502471 0.552945 0.658131 0.020964 0.519865
1 0.500225 0.595412 0.655436 0.020091 0.519865
1 0.500065 0.638270 0.653639 0.020648 0.519865
1 0.500674 0.676582 0.655436 0.020964 0.519865
1 0.498811 0.721785 0.653132 0.020091 0.519865
1 0.501238 0.762220 0.653409 0.020091 0.519865
1 0.498942 0.806657 0.655885 0.019868 0.519865
1 0.501319 0.852478 0.658638 0.019013 0.519865
1 0.499616 0.894868 0.657233 0.020964 0.519865
1 0.500898 0.936360 0.654987 0.020091 0.519865
1 0.500898 0.982093 0.655885 0.021838 0.519865
1 0.499166 0.032476 0.653639 0.017767 0.519865
1 0.497354 0.076235 0.652910 0.016461 0.519865
1 0.501587 0.118519 0.657143 0.018519 0.519865
1 0.499471 0.156687 0.652910 0.016461 0.519865
