0 0.500898 0.026744 0.656783 0.020528 0.475969
1 0.500309 0.056252 0.656105 0.020425 0.475969
1 0.498006 0.104104 0.655436 0.020091 0.475969
1 0.497454 0.140529 0.654308 0.018344 0.475969
1 0.501348 0.187136 0.657682 0.020091 0.475969
1 0.503137 0.230686 0.656220 0.017470 0.475969
1 0.498672 0.270650 0.655436 0.019217 0.475969
1 0.501340 0.318649 0.655436 0.020091 0.475969
1 0.502471 0.361587 0.658131 0.020964 0.475969
1 0.500225 0.406112 0.655436 0.020091 0.475969
1 0.502181 0.444855 0.653639 0.020648 0.475969
1 0.499616 0.491397 0.655436 0.020964 0.475969
1 0.498811 0.534543 0.653132 0.020091 0.475969
1 0.498063 0.577034 0.653409 0.020091 0.475969
1 0.497884 0.617357 0.655885 0.019868 0.475969
1 0.501319 0.659063 0.658638 0.019013 0.475969
1 0.498557 0.703510 0.657233 0.020964 0.475969
1 0.496666 0.749117 0.654987 0.020091 0.475969
1 0.498782 0.790735 0.655885 0.021838 0.475969
1 0.497050 0.830830 0.653639 0.017767 0.475969
1 0.498413 0.873457 0.652910 0.016461 0.475969
1 0.496296 0.923045 0.657143 0.018519 0.475969
1 0.498413 0.963272 0.652910 0.016461 0.475969
