1 0.498942 0.086420 0.656085 0.018519 0.893791
1 0.498942 0.130658 0.649735 0.016461 0.893791
1 0.498413 0.172840 0.652910 0.018519 0.893791
1 0.497884 0.213992 0.653968 0.018519 0.893791
1 0.497354 0.259259 0.652910 0.018519 0.893791
1 0.498942 0.300412 0.649735 0.018519 0.893791
1 0.498942 0.346708 0.649735 0.020576 0.893791
1 0.501587 0.388889 0.652910 0.018519 0.893791
1 0.498942 0.432099 0.651852 0.018519 0.893791
1 0.495238 0.477366 0.650794 0.018519 0.893791
1 0.499471 0.518519 0.652910 0.018519 0.893791
1 0.498942 0.562757 0.649735 0.024691 0.893791
1 0.496825 0.603909 0.651852 0.024691 0.893791
1 0.494709 0.645062 0.651852 0.020576 0.893791
1 0.497354 0.689300 0.646561 0.018519 0.893791
1 0.498942 0.732510 0.656085 0.014403 0.893791
1 0.497354 0.776749 0.652910 0.020576 0.893791
1 0.502646 0.818930 0.652910 0.018519 0.893791
1 0.498942 0.853909 0.653968 0.018519 0.893791
1 0.503704 0.904321 0.655026 0.016461 0.893791
1 0.500529 0.947531 0.650794 0.020576 0.893791
1 0.495767 0.045267 0.653968 0.026749 0.893791
1 0.498942 0.990535 0.649735 0.020576 0.893791
