1 0.498006 0.032723 0.656334 0.022275 0.237382
1 0.500789 0.079626 0.655206 0.018985 0.237382
1 0.501957 0.121394 0.656783 0.020528 0.237382
1 0.502426 0.163248 0.656105 0.020425 0.237382
1 0.500122 0.206985 0.655436 0.020091 0.237382
1 0.500629 0.251640 0.654308 0.018344 0.237382
1 0.500290 0.296190 0.657682 0.020091 0.237382
1 0.503137 0.337681 0.656220 0.017470 0.237382
1 0.500789 0.381761 0.655436 0.019217 0.237382
1 0.500282 0.419472 0.655436 0.020091 0.237382
1 0.501413 0.456237 0.658131 0.020964 0.237382
1 0.495992 0.508993 0.655436 0.020091 0.237382
1 0.501123 0.551851 0.653639 0.020648 0.237382
1 0.498557 0.592220 0.655436 0.020964 0.237382
1 0.497753 0.637423 0.653132 0.020091 0.237382
1 0.497005 0.681973 0.653409 0.020091 0.237382
1 0.500000 0.726410 0.655885 0.019868 0.237382
1 0.501319 0.770174 0.658638 0.019013 0.237382
1 0.498557 0.810505 0.657233 0.020964 0.237382
1 0.500898 0.854055 0.654987 0.020091 0.237382
1 0.500898 0.901846 0.655885 0.021838 0.237382
1 0.500225 0.937826 0.653639 0.017767 0.237382
1 0.496296 0.982510 0.652910 0.016461 0.237382
