1 0.497883 0.202053 0.656783 0.020528 0.869935
1 0.497135 0.245553 0.656105 0.020425 0.869935
1 0.498006 0.289289 0.655436 0.020091 0.869935
1 0.500629 0.331887 0.654308 0.018344 0.869935
1 0.500290 0.372321 0.657682 0.020091 0.869935
1 0.498904 0.415871 0.656220 0.017470 0.869935
1 0.497614 0.455835 0.655436 0.019217 0.869935
1 0.496049 0.505892 0.655436 0.020091 0.869935
1 0.500354 0.544714 0.658131 0.020964 0.869935
1 0.498108 0.585124 0.655436 0.020091 0.869935
1 0.497948 0.634155 0.653639 0.020648 0.869935
1 0.498557 0.672467 0.655436 0.020964 0.869935
1 0.497753 0.717670 0.653132 0.020091 0.869935
1 0.494889 0.758104 0.653409 0.020091 0.869935
1 0.497884 0.800484 0.655885 0.019868 0.869935
1 0.498144 0.848363 0.658638 0.019013 0.869935
1 0.499616 0.892810 0.657233 0.020964 0.869935
1 0.494549 0.938623 0.654987 0.020091 0.869935
1 0.500898 0.980858 0.655885 0.021838 0.869935
1 0.500225 0.030419 0.653639 0.017767 0.869935
1 0.499471 0.072119 0.652910 0.016461 0.869935
1 0.500529 0.114403 0.657143 0.018519 0.869935
1 0.498413 0.160802 0.652910 0.016461 0.869935
