1 0.492593 0.121399 0.656085 0.018519 0.835052
1 0.489418 0.169753 0.649735 0.016461 0.835052
1 0.489947 0.209877 0.652910 0.018519 0.835052
1 0.492593 0.257202 0.653968 0.018519 0.835052
1 0.492063 0.296296 0.652910 0.018519 0.835052
1 0.489418 0.343621 0.649735 0.018519 0.835052
1 0.491534 0.383745 0.649735 0.020576 0.835052
1 0.493122 0.427984 0.652910 0.018519 0.835052
1 0.492593 0.473251 0.651852 0.018519 0.835052
1 0.498413 0.514403 0.650794 0.018519 0.835052
1 0.498413 0.553498 0.652910 0.018519 0.835052
1 0.497884 0.597737 0.649735 0.024691 0.835052
1 0.498942 0.645062 0.651852 0.024691 0.835052
1 0.498942 0.686214 0.651852 0.020576 0.835052
1 0.499471 0.771605 0.646561 0.018519 0.835052
1 0.502116 0.729424 0.656085 0.024691 0.835052
1 0.500529 0.811728 0.652910 0.020576 0.835052
1 0.498413 0.855967 0.652910 0.018519 0.835052
1 0.501058 0.897119 0.653968 0.018519 0.835052
1 0.503704 0.945473 0.655026 0.016461 0.835052
1 0.502646 0.988169 0.650794 0.020576 0.835052
1 0.495767 0.082305 0.653968 0.026749 0.835052
1 0.495767 0.037449 0.649735 0.020576 0.835052
