1 0.498839 0.027470 0.658466 0.019533 0.154339
1 0.502239 0.069760 0.656334 0.022275 0.154339
1 0.499730 0.110490 0.655206 0.018985 0.154339
1 0.500898 0.158431 0.656783 0.020528 0.154339
1 0.501368 0.202343 0.656105 0.020425 0.154339
1 0.500122 0.244022 0.655436 0.020091 0.154339
1 0.500629 0.284562 0.654308 0.018344 0.154339
1 0.497115 0.324996 0.657682 0.020091 0.154339
1 0.499963 0.368546 0.656220 0.017470 0.154339
1 0.498672 0.414683 0.655436 0.019217 0.154339
1 0.501340 0.458567 0.655436 0.020091 0.154339
1 0.501413 0.503562 0.658131 0.020964 0.154339
1 0.501283 0.546030 0.655436 0.020091 0.154339
1 0.496890 0.586830 0.653639 0.020648 0.154339
1 0.501732 0.631314 0.655436 0.020964 0.154339
1 0.500927 0.676518 0.653132 0.020091 0.154339
1 0.499121 0.716952 0.653409 0.020091 0.154339
1 0.500000 0.763447 0.655885 0.019868 0.154339
1 0.501319 0.801038 0.658638 0.019013 0.154339
1 0.501732 0.845485 0.657233 0.020964 0.154339
1 0.503015 0.891092 0.654987 0.020091 0.154339
1 0.500898 0.930653 0.655885 0.021838 0.154339
1 0.499166 0.975172 0.653639 0.017767 0.154339
