0 0.500789 0.024071 0.655206 0.018985 0.450980
1 0.501957 0.063781 0.656783 0.020528 0.450980
1 0.501368 0.099462 0.656105 0.020425 0.450980
1 0.498006 0.145256 0.655436 0.020091 0.450980
1 0.496396 0.187854 0.654308 0.018344 0.450980
1 0.501348 0.230346 0.657682 0.020091 0.450980
1 0.502079 0.273895 0.656220 0.017470 0.450980
1 0.498672 0.315917 0.655436 0.019217 0.450980
1 0.501340 0.359801 0.655436 0.020091 0.450980
1 0.502471 0.404797 0.658131 0.020964 0.450980
1 0.500225 0.443149 0.655436 0.020091 0.450980
1 0.501123 0.488065 0.653639 0.020648 0.450980
1 0.498557 0.530491 0.655436 0.020964 0.450980
1 0.495636 0.573637 0.653132 0.020091 0.450980
1 0.500180 0.618187 0.653409 0.020091 0.450980
1 0.497884 0.660567 0.655885 0.019868 0.450980
1 0.500261 0.700215 0.658638 0.019013 0.450980
1 0.498557 0.748777 0.657233 0.020964 0.450980
1 0.496666 0.788211 0.654987 0.020091 0.450980
1 0.497724 0.833945 0.655885 0.021838 0.450980
1 0.498108 0.874040 0.653639 0.017767 0.450980
1 0.495238 0.916667 0.652910 0.016461 0.450980
1 0.499471 0.964198 0.657143 0.018519 0.450980
