1 0.502115 0.074481 0.656783 0.020528 0.583867
1 0.501368 0.117980 0.656105 0.020425 0.583867
1 0.501180 0.163775 0.655436 0.020091 0.583867
1 0.502745 0.208430 0.654308 0.018344 0.583867
1 0.504522 0.246807 0.657682 0.020091 0.583867
1 0.501021 0.294472 0.656220 0.017470 0.583867
1 0.501847 0.336493 0.655436 0.019217 0.583867
1 0.502398 0.376262 0.655436 0.020091 0.583867
1 0.503529 0.423315 0.658131 0.020964 0.583867
1 0.500225 0.461668 0.655436 0.020091 0.583867
1 0.497948 0.504526 0.653639 0.020648 0.583867
1 0.500674 0.549010 0.655436 0.020964 0.583867
1 0.498811 0.596271 0.653132 0.020091 0.583867
1 0.505471 0.638763 0.653409 0.020091 0.583867
1 0.501058 0.681143 0.655885 0.019868 0.583867
1 0.501319 0.724906 0.658638 0.019013 0.583867
1 0.499616 0.771411 0.657233 0.020964 0.583867
1 0.501957 0.812903 0.654987 0.020091 0.583867
1 0.503015 0.852463 0.655885 0.021838 0.583867
1 0.499166 0.896674 0.653639 0.017767 0.583867
1 0.498413 0.939300 0.652910 0.016461 0.583867
1 0.503704 0.980658 0.657143 0.018519 0.583867
1 0.499471 0.033230 0.652910 0.016461 0.583867
