1 0.501058 0.078189 0.656085 0.018519 0.926013
1 0.496825 0.124486 0.649735 0.016461 0.926013
1 0.497354 0.168724 0.652910 0.018519 0.926013
1 0.497884 0.205761 0.653968 0.018519 0.926013
1 0.499471 0.253086 0.652910 0.018519 0.926013
1 0.500000 0.298354 0.649735 0.018519 0.926013
1 0.496825 0.332305 0.649735 0.020576 0.926013
1 0.496296 0.380658 0.652910 0.018519 0.926013
1 0.500000 0.421811 0.651852 0.018519 0.926013
1 0.497354 0.462963 0.650794 0.018519 0.926013
1 0.499471 0.506173 0.652910 0.018519 0.926013
1 0.498942 0.550412 0.649735 0.024691 0.926013
1 0.500000 0.593621 0.651852 0.024691 0.926013
1 0.501058 0.643004 0.651852 0.020576 0.926013
1 0.499471 0.683128 0.646561 0.018519 0.926013
1 0.502116 0.726337 0.656085 0.014403 0.926013
1 0.498413 0.768519 0.652910 0.020576 0.926013
1 0.502646 0.812757 0.652910 0.018519 0.926013
1 0.503175 0.855967 0.653968 0.018519 0.926013
1 0.502646 0.900206 0.655026 0.016461 0.926013
1 0.501587 0.938272 0.655026 0.022634 0.926013
1 0.499471 0.036008 0.657143 0.016461 0.926013
1 0.502646 0.991409 0.657143 0.017798 0.926013
