1 0.498942 0.065844 0.656085 0.018519 0.918693
1 0.498942 0.112140 0.649735 0.016461 0.918693
1 0.498413 0.162551 0.652910 0.018519 0.918693
1 0.496825 0.201646 0.653968 0.018519 0.918693
1 0.497354 0.242798 0.652910 0.018519 0.918693
1 0.498942 0.286008 0.649735 0.018519 0.918693
1 0.497884 0.328189 0.649735 0.020576 0.918693
1 0.500529 0.372428 0.652910 0.018519 0.918693
1 0.498942 0.413580 0.651852 0.018519 0.918693
1 0.495238 0.454733 0.650794 0.018519 0.918693
1 0.499471 0.500000 0.652910 0.018519 0.918693
1 0.498942 0.542181 0.649735 0.024691 0.918693
1 0.496825 0.585391 0.651852 0.024691 0.918693
1 0.494709 0.628601 0.651852 0.020576 0.918693
1 0.497354 0.670782 0.646561 0.018519 0.918693
1 0.498942 0.716049 0.656085 0.014403 0.918693
1 0.497354 0.756173 0.652910 0.020576 0.918693
1 0.499471 0.804527 0.652910 0.018519 0.918693
1 0.500000 0.845679 0.653968 0.018519 0.918693
1 0.503704 0.887860 0.655026 0.016461 0.918693
1 0.500529 0.935185 0.650794 0.020576 0.918693
1 0.495767 0.020576 0.653968 0.026749 0.918693
1 0.500000 0.980247 0.649735 0.020576 0.918693
