1 0.503174 0.251435 0.656783 0.020528 0.963466
1 0.503484 0.294935 0.656105 0.020425 0.963466
1 0.500122 0.334557 0.655436 0.020091 0.963466
1 0.497454 0.379212 0.654308 0.018344 0.963466
1 0.499231 0.425819 0.657682 0.020091 0.963466
1 0.501021 0.465254 0.656220 0.017470 0.963466
1 0.501847 0.509333 0.655436 0.019217 0.963466
1 0.499224 0.553217 0.655436 0.020091 0.963466
1 0.500354 0.596155 0.658131 0.020964 0.963466
1 0.497050 0.636565 0.655436 0.020091 0.963466
1 0.497948 0.683538 0.653639 0.020648 0.963466
1 0.499616 0.728022 0.655436 0.020964 0.963466
1 0.499869 0.769111 0.653132 0.020091 0.963466
1 0.499121 0.809545 0.653409 0.020091 0.963466
1 0.500000 0.853982 0.655885 0.019868 0.963466
1 0.500261 0.893630 0.658638 0.019013 0.963466
1 0.496441 0.933962 0.657233 0.020964 0.963466
1 0.499840 0.978232 0.654987 0.020091 0.963466
1 0.501957 0.034356 0.655885 0.021838 0.963466
1 0.500225 0.079801 0.653639 0.017767 0.963466
1 0.501587 0.117387 0.652910 0.016461 0.963466
1 0.499471 0.167901 0.657143 0.018519 0.963466
1 0.499471 0.208128 0.652910 0.016461 0.963466
