1 0.504073 0.058020 0.656783 0.020528 0.591658
1 0.501368 0.103577 0.656105 0.020425 0.591658
1 0.501180 0.145256 0.655436 0.020091 0.591658
1 0.501687 0.183739 0.654308 0.018344 0.591658
1 0.504522 0.228288 0.657682 0.020091 0.591658
1 0.502079 0.271838 0.656220 0.017470 0.591658
1 0.501847 0.313860 0.655436 0.019217 0.591658
1 0.502398 0.357744 0.655436 0.020091 0.591658
1 0.504587 0.400681 0.658131 0.020964 0.591658
1 0.503399 0.451379 0.655436 0.020091 0.591658
1 0.500065 0.486007 0.653639 0.020648 0.591658
1 0.500674 0.530491 0.655436 0.020964 0.591658
1 0.500927 0.573637 0.653132 0.020091 0.591658
1 0.501238 0.622302 0.653409 0.020091 0.591658
1 0.500000 0.662624 0.655885 0.019868 0.591658
1 0.502377 0.704330 0.658638 0.019013 0.591658
1 0.500674 0.746719 0.657233 0.020964 0.591658
1 0.500898 0.792327 0.654987 0.020091 0.591658
1 0.504073 0.840118 0.655885 0.021838 0.591658
1 0.501283 0.882271 0.653639 0.017767 0.591658
1 0.496296 0.931070 0.652910 0.016461 0.591658
1 0.500529 0.968313 0.657143 0.018519 0.591658
1 0.500529 0.020885 0.652910 0.016461 0.591658
