1 0.501057 0.290530 0.656783 0.020528 0.943137
1 0.500309 0.334030 0.656105 0.020425 0.943137
1 0.502239 0.379824 0.655436 0.020091 0.943137
1 0.503803 0.422422 0.654308 0.018344 0.943137
1 0.503464 0.460799 0.657682 0.020091 0.943137
1 0.496788 0.504348 0.656220 0.017470 0.943137
1 0.499730 0.550485 0.655436 0.019217 0.943137
1 0.500282 0.594369 0.655436 0.020091 0.943137
1 0.502471 0.633192 0.658131 0.020964 0.943137
1 0.499166 0.673602 0.655436 0.020091 0.943137
1 0.499007 0.718517 0.653639 0.020648 0.943137
1 0.499616 0.758886 0.655436 0.020964 0.943137
1 0.501985 0.799975 0.653132 0.020091 0.943137
1 0.500180 0.844524 0.653409 0.020091 0.943137
1 0.498942 0.888962 0.655885 0.019868 0.943137
1 0.503435 0.932725 0.658638 0.019013 0.943137
1 0.499840 0.034713 0.654987 0.020091 0.943137
1 0.500898 0.073451 0.655885 0.021838 0.943137
1 0.497050 0.120954 0.653639 0.017767 0.943137
1 0.499471 0.162654 0.652910 0.016461 0.943137
1 0.501587 0.202881 0.657143 0.018519 0.943137
1 0.502646 0.245165 0.652910 0.016461 0.943137
1 0.500529 0.976029 0.657143 0.016461 0.943137
