1 0.502115 0.218514 0.656783 0.020528 0.511089
1 0.503484 0.262013 0.656105 0.020425 0.511089
1 0.501180 0.297520 0.655436 0.020091 0.511089
1 0.502745 0.344233 0.654308 0.018344 0.511089
1 0.501348 0.392897 0.657682 0.020091 0.511089
1 0.501021 0.432332 0.656220 0.017470 0.511089
1 0.501847 0.474353 0.655436 0.019217 0.511089
1 0.500282 0.518237 0.655436 0.020091 0.511089
1 0.502471 0.563233 0.658131 0.020964 0.511089
1 0.500225 0.599528 0.655436 0.020091 0.511089
1 0.500065 0.644443 0.653639 0.020648 0.511089
1 0.496441 0.690985 0.655436 0.020964 0.511089
1 0.497753 0.734131 0.653132 0.020091 0.511089
1 0.500180 0.778680 0.653409 0.020091 0.511089
1 0.500000 0.819003 0.655885 0.019868 0.511089
1 0.501319 0.862766 0.658638 0.019013 0.511089
1 0.499616 0.905156 0.657233 0.020964 0.511089
1 0.498782 0.948705 0.654987 0.020091 0.511089
0 0.499840 0.988266 0.655885 0.021838 0.511089
1 0.499166 0.042764 0.653639 0.017767 0.511089
1 0.497354 0.088580 0.652910 0.016461 0.511089
1 0.501587 0.132922 0.657143 0.018519 0.511089
1 0.499471 0.173148 0.652910 0.016461 0.511089
