1 0.498941 0.288473 0.656783 0.020528 0.979439
1 0.499251 0.329915 0.656105 0.020425 0.979439
1 0.499064 0.375709 0.655436 0.020091 0.979439
1 0.500629 0.420365 0.654308 0.018344 0.979439
1 0.497115 0.460799 0.657682 0.020091 0.979439
1 0.499963 0.506406 0.656220 0.017470 0.979439
1 0.500789 0.548427 0.655436 0.019217 0.979439
1 0.500282 0.594369 0.655436 0.020091 0.979439
1 0.499296 0.631134 0.658131 0.020964 0.979439
1 0.499166 0.681832 0.655436 0.020091 0.979439
1 0.503239 0.722633 0.653639 0.020648 0.979439
1 0.501732 0.760944 0.655436 0.020964 0.979439
1 0.498811 0.806148 0.653132 0.020091 0.979439
1 0.500180 0.848639 0.653409 0.020091 0.979439
1 0.502116 0.888962 0.655885 0.019868 0.979439
1 0.502377 0.934783 0.658638 0.019013 0.979439
1 0.501732 0.973777 0.657233 0.020964 0.979439
1 0.498782 0.031730 0.654987 0.020091 0.979439
1 0.498782 0.071908 0.655885 0.021838 0.979439
1 0.500225 0.114781 0.653639 0.017767 0.979439
1 0.497354 0.158539 0.652910 0.016461 0.979439
1 0.501587 0.202881 0.657143 0.018519 0.979439
1 0.499471 0.243107 0.652910 0.016461 0.979439
