1 0.501057 0.210283 0.656783 0.020528 0.876411
1 0.500309 0.253783 0.656105 0.020425 0.876411
1 0.501180 0.293405 0.655436 0.020091 0.876411
1 0.502745 0.340118 0.654308 0.018344 0.876411
1 0.500290 0.382609 0.657682 0.020091 0.876411
1 0.499963 0.426159 0.656220 0.017470 0.876411
1 0.498672 0.466123 0.655436 0.019217 0.876411
1 0.499224 0.510007 0.655436 0.020091 0.876411
1 0.500354 0.552945 0.658131 0.020964 0.876411
1 0.500225 0.595412 0.655436 0.020091 0.876411
1 0.499007 0.636213 0.653639 0.020648 0.876411
1 0.499616 0.682755 0.655436 0.020964 0.876411
1 0.497753 0.725901 0.653132 0.020091 0.876411
1 0.501238 0.768392 0.653409 0.020091 0.876411
1 0.500000 0.812830 0.655885 0.019868 0.876411
1 0.500261 0.852478 0.658638 0.019013 0.876411
1 0.498557 0.896925 0.657233 0.020964 0.876411
1 0.500898 0.940681 0.654987 0.020091 0.876411
0 0.497724 0.987031 0.655885 0.021838 0.876411
1 0.499166 0.036592 0.653639 0.017767 0.876411
1 0.499471 0.078292 0.652910 0.016461 0.876411
1 0.501587 0.118519 0.657143 0.018519 0.876411
1 0.500529 0.164918 0.652910 0.016461 0.876411
