1 0.498941 0.220571 0.656783 0.020528 0.976171
1 0.499251 0.266129 0.656105 0.020425 0.976171
1 0.498006 0.311923 0.655436 0.020091 0.976171
1 0.497454 0.348348 0.654308 0.018344 0.976171
1 0.498173 0.397013 0.657682 0.020091 0.976171
1 0.498904 0.434389 0.656220 0.017470 0.976171
1 0.498672 0.478469 0.655436 0.019217 0.976171
1 0.498166 0.526468 0.655436 0.020091 0.976171
1 0.499296 0.569406 0.658131 0.020964 0.976171
1 0.501283 0.611873 0.655436 0.020091 0.976171
1 0.497948 0.654731 0.653639 0.020648 0.976171
1 0.498557 0.697158 0.655436 0.020964 0.976171
1 0.496694 0.740304 0.653132 0.020091 0.976171
1 0.497005 0.784853 0.653409 0.020091 0.976171
1 0.501058 0.829291 0.655885 0.019868 0.976171
1 0.501319 0.873054 0.658638 0.019013 0.976171
1 0.498557 0.915444 0.657233 0.020964 0.976171
1 0.500898 0.957141 0.654987 0.020091 0.976171
1 0.494549 0.013780 0.655885 0.021838 0.976171
1 0.495992 0.057168 0.653639 0.017767 0.976171
1 0.495238 0.094753 0.652910 0.016461 0.976171
1 0.497354 0.141152 0.657143 0.018519 0.976171
1 0.495238 0.185494 0.652910 0.016461 0.976171
