1 0.497884 0.113169 0.656085 0.018519 0.770650
1 0.493651 0.155350 0.649735 0.016461 0.770650
1 0.493122 0.203704 0.652910 0.018519 0.770650
1 0.497884 0.240741 0.653968 0.018519 0.770650
1 0.496296 0.281893 0.652910 0.018519 0.770650
1 0.494709 0.327160 0.649735 0.018519 0.770650
1 0.493651 0.371399 0.649735 0.020576 0.770650
1 0.496296 0.419753 0.652910 0.018519 0.770650
1 0.498942 0.460905 0.651852 0.018519 0.770650
1 0.495238 0.497942 0.650794 0.018519 0.770650
1 0.496296 0.547325 0.652910 0.018519 0.770650
1 0.497884 0.589506 0.649735 0.024691 0.770650
1 0.497884 0.630658 0.651852 0.024691 0.770650
1 0.500000 0.673868 0.651852 0.020576 0.770650
1 0.495238 0.720165 0.646561 0.018519 0.770650
1 0.498942 0.762346 0.656085 0.024691 0.770650
1 0.499471 0.807613 0.652910 0.020576 0.770650
1 0.499471 0.849794 0.652910 0.018519 0.770650
1 0.500000 0.888889 0.653968 0.018519 0.770650
1 0.500529 0.933128 0.655026 0.016461 0.770650
1 0.498413 0.974280 0.650794 0.020576 0.770650
1 0.495767 0.074074 0.653968 0.026749 0.770650
1 0.491534 0.031276 0.649735 0.020576 0.770650
