1 0.503015 0.039501 0.656783 0.020528 0.596524
1 0.501368 0.085059 0.656105 0.020425 0.596524
1 0.501180 0.126738 0.655436 0.020091 0.596524
1 0.501687 0.171393 0.654308 0.018344 0.596524
1 0.504522 0.209770 0.657682 0.020091 0.596524
1 0.502079 0.259492 0.656220 0.017470 0.596524
1 0.502905 0.299456 0.655436 0.019217 0.596524
1 0.502398 0.341283 0.655436 0.020091 0.596524
1 0.504587 0.386278 0.658131 0.020964 0.596524
1 0.503399 0.434919 0.655436 0.020091 0.596524
1 0.500065 0.473661 0.653639 0.020648 0.596524
1 0.500674 0.516088 0.655436 0.020964 0.596524
1 0.500927 0.563349 0.653132 0.020091 0.596524
1 0.500180 0.605841 0.653409 0.020091 0.596524
1 0.500000 0.646163 0.655885 0.019868 0.596524
1 0.502377 0.685812 0.658638 0.019013 0.596524
1 0.500674 0.730259 0.657233 0.020964 0.596524
1 0.500898 0.779981 0.654987 0.020091 0.596524
1 0.504073 0.821599 0.655885 0.021838 0.596524
1 0.501283 0.859637 0.653639 0.017767 0.596524
1 0.498413 0.904321 0.652910 0.016461 0.596524
1 0.500529 0.951852 0.657143 0.018519 0.596524
0 0.499471 0.987963 0.652910 0.016461 0.596524
