1 0.501847 0.022013 0.655206 0.018985 0.257941
1 0.501957 0.063781 0.656783 0.020528 0.257941
1 0.502426 0.105635 0.656105 0.020425 0.257941
1 0.499064 0.143199 0.655436 0.020091 0.257941
1 0.496396 0.185797 0.654308 0.018344 0.257941
1 0.500290 0.236519 0.657682 0.020091 0.257941
1 0.505254 0.278011 0.656220 0.017470 0.257941
1 0.498672 0.324148 0.655436 0.019217 0.257941
1 0.502398 0.357744 0.655436 0.020091 0.257941
1 0.501413 0.400681 0.658131 0.020964 0.257941
1 0.500225 0.445207 0.655436 0.020091 0.257941
1 0.501123 0.492180 0.653639 0.020648 0.257941
1 0.497499 0.538722 0.655436 0.020964 0.257941
1 0.495636 0.577753 0.653132 0.020091 0.257941
1 0.501238 0.622302 0.653409 0.020091 0.257941
1 0.497884 0.668797 0.655885 0.019868 0.257941
1 0.497086 0.706388 0.658638 0.019013 0.257941
1 0.497499 0.746719 0.657233 0.020964 0.257941
1 0.499840 0.794384 0.654987 0.020091 0.257941
1 0.498782 0.836002 0.655885 0.021838 0.257941
1 0.498108 0.878155 0.653639 0.017767 0.257941
1 0.497354 0.924897 0.652910 0.016461 0.257941
1 0.500529 0.964198 0.657143 0.018519 0.257941
