1 0.496666 0.986312 0.656783 0.020528 0.740580
1 0.497135 0.039791 0.656105 0.020425 0.740580
1 0.498006 0.077355 0.655436 0.020091 0.740580
1 0.496396 0.122011 0.654308 0.018344 0.740580
1 0.500290 0.168618 0.657682 0.020091 0.740580
1 0.498904 0.212167 0.656220 0.017470 0.740580
1 0.498672 0.252131 0.655436 0.019217 0.740580
1 0.501340 0.289842 0.655436 0.020091 0.740580
1 0.502471 0.334838 0.658131 0.020964 0.740580
1 0.501283 0.383478 0.655436 0.020091 0.740580
1 0.501123 0.424279 0.653639 0.020648 0.740580
1 0.499616 0.470820 0.655436 0.020964 0.740580
1 0.498811 0.509851 0.653132 0.020091 0.740580
1 0.499121 0.554401 0.653409 0.020091 0.740580
1 0.500000 0.596781 0.655885 0.019868 0.740580
1 0.501319 0.636429 0.658638 0.019013 0.740580
1 0.498557 0.680876 0.657233 0.020964 0.740580
1 0.494549 0.722368 0.654987 0.020091 0.740580
1 0.498782 0.766044 0.655885 0.021838 0.740580
1 0.494934 0.810254 0.653639 0.017767 0.740580
1 0.497354 0.854938 0.652910 0.016461 0.740580
1 0.497354 0.894239 0.657143 0.018519 0.740580
1 0.495238 0.940638 0.652910 0.016461 0.740580
