1 0.499999 0.251435 0.656783 0.020528 0.876634
1 0.501368 0.294935 0.656105 0.020425 0.876634
1 0.501180 0.336614 0.655436 0.020091 0.876634
1 0.498512 0.381270 0.654308 0.018344 0.876634
1 0.500290 0.419646 0.657682 0.020091 0.876634
1 0.497846 0.461138 0.656220 0.017470 0.876634
1 0.497614 0.503160 0.655436 0.019217 0.876634
1 0.496049 0.549102 0.655436 0.020091 0.876634
1 0.502471 0.594097 0.658131 0.020964 0.876634
1 0.500225 0.634507 0.655436 0.020091 0.876634
1 0.497948 0.675307 0.653639 0.020648 0.876634
1 0.502790 0.719792 0.655436 0.020964 0.876634
1 0.496694 0.764995 0.653132 0.020091 0.876634
1 0.499121 0.805429 0.653409 0.020091 0.876634
1 0.498942 0.849867 0.655885 0.019868 0.876634
1 0.501319 0.895688 0.658638 0.019013 0.876634
1 0.499616 0.942193 0.657233 0.020964 0.876634
1 0.499840 0.981833 0.654987 0.020091 0.876634
1 0.500898 0.030241 0.655885 0.021838 0.876634
1 0.498108 0.071571 0.653639 0.017767 0.876634
1 0.498413 0.117387 0.652910 0.016461 0.876634
1 0.500529 0.159671 0.657143 0.018519 0.876634
1 0.500529 0.206070 0.652910 0.016461 0.876634
