1 0.499999 0.309049 0.656783 0.020528 0.979167
1 0.499251 0.348433 0.656105 0.020425 0.979167
1 0.499064 0.390112 0.655436 0.020091 0.979167
1 0.500629 0.432710 0.654308 0.018344 0.979167
1 0.497115 0.479317 0.657682 0.020091 0.979167
1 0.499963 0.522867 0.656220 0.017470 0.979167
1 0.500789 0.562831 0.655436 0.019217 0.979167
1 0.500282 0.606715 0.655436 0.020091 0.979167
1 0.500354 0.647595 0.658131 0.020964 0.979167
1 0.500225 0.692120 0.655436 0.020091 0.979167
1 0.503239 0.739093 0.653639 0.020648 0.979167
1 0.501732 0.779462 0.655436 0.020964 0.979167
1 0.498811 0.822609 0.653132 0.020091 0.979167
1 0.500180 0.865100 0.653409 0.020091 0.979167
1 0.502116 0.911596 0.655885 0.019868 0.979167
1 0.503435 0.947128 0.658638 0.019013 0.979167
1 0.501732 0.990238 0.657233 0.020964 0.979167
1 0.497724 0.048191 0.654987 0.020091 0.979167
1 0.498782 0.092484 0.655885 0.021838 0.979167
1 0.499166 0.133299 0.653639 0.017767 0.979167
1 0.497354 0.177058 0.652910 0.016461 0.979167
1 0.501587 0.221399 0.657143 0.018519 0.979167
1 0.500529 0.259568 0.652910 0.016461 0.979167
