1 0.492593 0.162551 0.656085 0.018519 0.823940
1 0.491534 0.208848 0.649735 0.016461 0.823940
1 0.494180 0.251029 0.652910 0.018519 0.823940
1 0.494709 0.296296 0.653968 0.018519 0.823940
1 0.495238 0.335391 0.652910 0.018519 0.823940
1 0.493651 0.382716 0.649735 0.018519 0.823940
1 0.494709 0.426955 0.649735 0.020576 0.823940
1 0.496296 0.471193 0.652910 0.018519 0.823940
1 0.500000 0.514403 0.651852 0.018519 0.823940
1 0.500529 0.557613 0.650794 0.018519 0.823940
1 0.500529 0.598765 0.652910 0.018519 0.823940
1 0.500000 0.638889 0.649735 0.024691 0.823940
1 0.504233 0.684156 0.651852 0.024691 0.823940
1 0.498942 0.723251 0.651852 0.020576 0.823940
1 0.498413 0.810700 0.646561 0.018519 0.823940
1 0.501058 0.768519 0.656085 0.024691 0.823940
1 0.499471 0.854938 0.652910 0.020576 0.823940
1 0.500529 0.899177 0.652910 0.018519 0.823940
1 0.503175 0.938272 0.653968 0.018519 0.823940
1 0.499471 0.982510 0.655026 0.016461 0.823940
1 0.491005 0.034156 0.650794 0.020576 0.823940
1 0.494709 0.119342 0.653968 0.026749 0.823940
1 0.494709 0.076543 0.649735 0.020576 0.823940
