1 0.496666 0.930448 0.656783 0.020528 0.685576
1 0.496077 0.969832 0.656105 0.020425 0.685576
1 0.498006 0.025915 0.655436 0.020091 0.685576
1 0.494280 0.066455 0.654308 0.018344 0.685576
1 0.498173 0.104832 0.657682 0.020091 0.685576
1 0.497846 0.156612 0.656220 0.017470 0.685576
1 0.496556 0.192460 0.655436 0.019217 0.685576
1 0.497107 0.242517 0.655436 0.020091 0.685576
1 0.500354 0.283397 0.658131 0.020964 0.685576
1 0.498108 0.327923 0.655436 0.020091 0.685576
1 0.499007 0.370781 0.653639 0.020648 0.685576
1 0.497499 0.409092 0.655436 0.020964 0.685576
1 0.495636 0.454296 0.653132 0.020091 0.685576
1 0.500180 0.498845 0.653409 0.020091 0.685576
1 0.496825 0.537110 0.655885 0.019868 0.685576
1 0.498144 0.587046 0.658638 0.019013 0.685576
1 0.497499 0.627378 0.657233 0.020964 0.685576
1 0.498782 0.666812 0.654987 0.020091 0.685576
1 0.498782 0.708430 0.655885 0.021838 0.685576
1 0.498108 0.756756 0.653639 0.017767 0.685576
1 0.494180 0.793210 0.652910 0.016461 0.685576
1 0.493122 0.840741 0.657143 0.018519 0.685576
1 0.495238 0.880967 0.652910 0.016461 0.685576
