1 0.501057 0.097114 0.656783 0.020528 0.577076
1 0.501368 0.136499 0.656105 0.020425 0.577076
1 0.501180 0.176121 0.655436 0.020091 0.577076
1 0.503803 0.216661 0.654308 0.018344 0.577076
1 0.504522 0.259152 0.657682 0.020091 0.577076
1 0.501021 0.304760 0.656220 0.017470 0.577076
1 0.501847 0.350897 0.655436 0.019217 0.577076
1 0.503457 0.390665 0.655436 0.020091 0.577076
1 0.503529 0.439776 0.658131 0.020964 0.577076
1 0.501283 0.482244 0.655436 0.020091 0.577076
1 0.499007 0.527159 0.653639 0.020648 0.577076
1 0.499616 0.563413 0.655436 0.020964 0.577076
1 0.499869 0.608617 0.653132 0.020091 0.577076
1 0.500180 0.651108 0.653409 0.020091 0.577076
1 0.502116 0.695546 0.655885 0.019868 0.577076
1 0.502377 0.741367 0.658638 0.019013 0.577076
1 0.499616 0.781699 0.657233 0.020964 0.577076
1 0.501957 0.825248 0.654987 0.020091 0.577076
1 0.498782 0.870982 0.655885 0.021838 0.577076
1 0.495992 0.915192 0.653639 0.017767 0.577076
1 0.495238 0.953704 0.652910 0.016461 0.577076
0 0.501587 0.015638 0.657143 0.018519 0.577076
1 0.498413 0.053807 0.652910 0.016461 0.577076
