1 0.499999 0.239090 0.656783 0.020528 0.872876
1 0.498193 0.280532 0.656105 0.020425 0.872876
1 0.500122 0.322211 0.655436 0.020091 0.872876
1 0.499571 0.368924 0.654308 0.018344 0.872876
1 0.500290 0.413473 0.657682 0.020091 0.872876
1 0.497846 0.452908 0.656220 0.017470 0.872876
1 0.497614 0.496987 0.655436 0.019217 0.872876
1 0.497107 0.540871 0.655436 0.020091 0.872876
1 0.500354 0.587924 0.658131 0.020964 0.872876
1 0.500225 0.628334 0.655436 0.020091 0.872876
1 0.497948 0.669135 0.653639 0.020648 0.872876
1 0.498557 0.707446 0.655436 0.020964 0.872876
1 0.495636 0.750592 0.653132 0.020091 0.872876
1 0.499121 0.797199 0.653409 0.020091 0.872876
1 0.497884 0.839579 0.655885 0.019868 0.872876
1 0.499203 0.889515 0.658638 0.019013 0.872876
1 0.500674 0.933962 0.657233 0.020964 0.872876
1 0.495607 0.973602 0.654987 0.020091 0.872876
1 0.500898 0.024068 0.655885 0.021838 0.872876
1 0.500225 0.063341 0.653639 0.017767 0.872876
1 0.499471 0.107099 0.652910 0.016461 0.872876
1 0.500529 0.151440 0.657143 0.018519 0.872876
1 0.499471 0.191667 0.652910 0.016461 0.872876
