1 0.492593 0.119342 0.656085 0.018519 0.835583
1 0.489418 0.161523 0.649735 0.016461 0.835583
1 0.489947 0.201646 0.652910 0.018519 0.835583
1 0.492593 0.248971 0.653968 0.018519 0.835583
1 0.492063 0.288066 0.652910 0.018519 0.835583
1 0.489418 0.329218 0.649735 0.018519 0.835583
1 0.491534 0.375514 0.649735 0.020576 0.835583
1 0.493122 0.417695 0.652910 0.018519 0.835583
1 0.491534 0.460905 0.651852 0.018519 0.835583
1 0.498413 0.504115 0.650794 0.018519 0.835583
1 0.498413 0.551440 0.652910 0.018519 0.835583
1 0.497884 0.589506 0.649735 0.024691 0.835583
1 0.496825 0.632716 0.651852 0.024691 0.835583
1 0.498942 0.675926 0.651852 0.020576 0.835583
1 0.498413 0.763374 0.646561 0.018519 0.835583
1 0.502116 0.723251 0.656085 0.024691 0.835583
1 0.500529 0.811728 0.652910 0.020576 0.835583
1 0.498413 0.853909 0.652910 0.018519 0.835583
1 0.501058 0.897119 0.653968 0.018519 0.835583
1 0.503704 0.941358 0.655026 0.016461 0.835583
1 0.502646 0.988169 0.650794 0.020576 0.835583
1 0.495767 0.078189 0.653968 0.026749 0.835583
1 0.495767 0.037449 0.649735 0.020576 0.835583
