1 0.498942 0.028807 0.656085 0.018519 0.403929
1 0.500000 0.075103 0.649735 0.016461 0.403929
1 0.499471 0.115226 0.652910 0.018519 0.403929
1 0.498942 0.162551 0.653968 0.018519 0.403929
1 0.498413 0.203704 0.652910 0.018519 0.403929
1 0.497884 0.246914 0.649735 0.018519 0.403929
1 0.497884 0.291152 0.649735 0.020576 0.403929
1 0.501587 0.339506 0.652910 0.018519 0.403929
1 0.497884 0.380658 0.651852 0.018519 0.403929
1 0.496296 0.419753 0.650794 0.018519 0.403929
1 0.499471 0.460905 0.652910 0.018519 0.403929
1 0.498942 0.503086 0.649735 0.024691 0.403929
1 0.496825 0.550412 0.651852 0.024691 0.403929
1 0.501058 0.589506 0.651852 0.020576 0.403929
1 0.497884 0.627572 0.658201 0.018519 0.403929
1 0.497884 0.674897 0.656085 0.014403 0.403929
1 0.498413 0.721193 0.652910 0.020576 0.403929
1 0.496296 0.763374 0.652910 0.018519 0.403929
1 0.501058 0.806584 0.653968 0.018519 0.403929
1 0.499471 0.844650 0.655026 0.016461 0.403929
1 0.501587 0.896091 0.650794 0.020576 0.403929
1 0.500952 0.938272 0.657143 0.026749 0.403929
1 0.501587 0.977366 0.652910 0.018519 0.403929
