1 0.502115 0.280242 0.656783 0.020528 0.946623
1 0.499251 0.325799 0.656105 0.020425 0.946623
1 0.501180 0.367479 0.655436 0.020091 0.946623
1 0.501687 0.410076 0.654308 0.018344 0.946623
1 0.502406 0.452568 0.657682 0.020091 0.946623
1 0.502079 0.494060 0.656220 0.017470 0.946623
1 0.503963 0.540197 0.655436 0.019217 0.946623
1 0.499224 0.577908 0.655436 0.020091 0.946623
1 0.498238 0.622904 0.658131 0.020964 0.946623
1 0.504457 0.663314 0.655436 0.020091 0.946623
1 0.500065 0.710287 0.653639 0.020648 0.946623
1 0.500674 0.750656 0.655436 0.020964 0.946623
1 0.501985 0.791744 0.653132 0.020091 0.946623
1 0.503354 0.840409 0.653409 0.020091 0.946623
1 0.504233 0.884847 0.655885 0.019868 0.946623
1 0.507668 0.926552 0.658638 0.019013 0.946623
1 0.500898 0.014137 0.654987 0.020091 0.946623
1 0.503015 0.067278 0.655885 0.021838 0.946623
1 0.498108 0.108608 0.653639 0.017767 0.946623
1 0.501587 0.152366 0.652910 0.016461 0.946623
1 0.502646 0.192593 0.657143 0.018519 0.946623
1 0.500529 0.236934 0.652910 0.016461 0.946623
1 0.504762 0.968107 0.661376 0.020576 0.946623
