1 0.502115 0.232917 0.656783 0.020528 0.700869
1 0.502426 0.274359 0.656105 0.020425 0.700869
1 0.501180 0.316038 0.655436 0.020091 0.700869
1 0.501687 0.360694 0.654308 0.018344 0.700869
1 0.501348 0.407301 0.657682 0.020091 0.700869
1 0.501021 0.448793 0.656220 0.017470 0.700869
1 0.497614 0.490814 0.655436 0.019217 0.700869
1 0.500282 0.534698 0.655436 0.020091 0.700869
1 0.499296 0.577636 0.658131 0.020964 0.700869
1 0.500225 0.622161 0.655436 0.020091 0.700869
1 0.499007 0.665019 0.653639 0.020648 0.700869
1 0.499616 0.709504 0.655436 0.020964 0.700869
1 0.497753 0.752650 0.653132 0.020091 0.700869
1 0.498063 0.797199 0.653409 0.020091 0.700869
1 0.500000 0.843694 0.655885 0.019868 0.700869
1 0.501319 0.887458 0.658638 0.019013 0.700869
1 0.498557 0.925732 0.657233 0.020964 0.700869
1 0.497724 0.969281 0.654987 0.020091 0.700869
0 0.500898 0.017895 0.655885 0.021838 0.700869
1 0.500225 0.065398 0.653639 0.017767 0.700869
1 0.498413 0.109156 0.652910 0.016461 0.700869
1 0.501587 0.151440 0.657143 0.018519 0.700869
1 0.500529 0.195782 0.652910 0.016461 0.700869
