1 0.494708 0.286415 0.656783 0.020528 0.860434
1 0.500309 0.327857 0.656105 0.020425 0.860434
1 0.498006 0.371594 0.655436 0.020091 0.860434
1 0.497454 0.418307 0.654308 0.018344 0.860434
1 0.499231 0.458741 0.657682 0.020091 0.860434
1 0.497846 0.498175 0.656220 0.017470 0.860434
1 0.496556 0.546370 0.655436 0.019217 0.860434
1 0.497107 0.588196 0.655436 0.020091 0.860434
1 0.499296 0.633192 0.658131 0.020964 0.860434
1 0.495992 0.673602 0.655436 0.020091 0.860434
1 0.495832 0.714402 0.653639 0.020648 0.860434
1 0.499616 0.758886 0.655436 0.020964 0.860434
1 0.497753 0.804090 0.653132 0.020091 0.860434
1 0.495947 0.846582 0.653409 0.020091 0.860434
1 0.502116 0.893077 0.655885 0.019868 0.860434
1 0.500261 0.932725 0.658638 0.019013 0.860434
1 0.500674 0.981287 0.657233 0.020964 0.860434
1 0.495607 0.025043 0.654987 0.020091 0.860434
1 0.493491 0.065221 0.655885 0.021838 0.860434
1 0.494934 0.110666 0.653639 0.017767 0.860434
1 0.497354 0.152366 0.652910 0.016461 0.860434
1 0.499471 0.194650 0.657143 0.018519 0.860434
1 0.494180 0.243107 0.652910 0.016461 0.860434
