1 0.500000 0.072016 0.656085 0.018519 0.420879
1 0.500000 0.118313 0.649735 0.016461 0.420879
1 0.497354 0.160494 0.652910 0.018519 0.420879
1 0.496825 0.201646 0.653968 0.018519 0.420879
1 0.497354 0.244856 0.652910 0.018519 0.420879
1 0.495767 0.290123 0.649735 0.018519 0.420879
1 0.491534 0.326132 0.649735 0.020576 0.420879
1 0.497354 0.372428 0.652910 0.018519 0.420879
1 0.492593 0.417695 0.651852 0.018519 0.420879
1 0.496296 0.454733 0.650794 0.018519 0.420879
1 0.496296 0.502058 0.652910 0.018519 0.420879
1 0.493651 0.544239 0.649735 0.024691 0.420879
1 0.496825 0.587449 0.651852 0.024691 0.420879
1 0.496825 0.630658 0.651852 0.020576 0.420879
1 0.497884 0.674897 0.658201 0.018519 0.420879
1 0.494709 0.718107 0.656085 0.014403 0.420879
1 0.499471 0.762346 0.652910 0.020576 0.420879
1 0.497354 0.806584 0.652910 0.018519 0.420879
1 0.500000 0.849794 0.653968 0.018519 0.420879
1 0.498413 0.885802 0.655026 0.016461 0.420879
1 0.500529 0.935185 0.650794 0.020576 0.420879
1 0.500952 0.977366 0.657143 0.026749 0.420879
1 0.496296 0.027778 0.635979 0.020576 0.420879
