1 0.502115 0.292588 0.656783 0.020528 0.947894
1 0.499251 0.334030 0.656105 0.020425 0.947894
1 0.502239 0.375709 0.655436 0.020091 0.947894
1 0.501687 0.420365 0.654308 0.018344 0.947894
1 0.502406 0.460799 0.657682 0.020091 0.947894
1 0.499963 0.506406 0.656220 0.017470 0.947894
1 0.500789 0.546370 0.655436 0.019217 0.947894
1 0.500282 0.590254 0.655436 0.020091 0.947894
1 0.502471 0.633192 0.658131 0.020964 0.947894
1 0.500225 0.677717 0.655436 0.020091 0.947894
1 0.501123 0.722633 0.653639 0.020648 0.947894
1 0.500674 0.771232 0.655436 0.020964 0.947894
1 0.499869 0.808205 0.653132 0.020091 0.947894
1 0.501238 0.852754 0.653409 0.020091 0.947894
1 0.503175 0.895135 0.655885 0.019868 0.947894
1 0.503435 0.938898 0.658638 0.019013 0.947894
1 0.500898 0.030598 0.654987 0.020091 0.947894
1 0.503015 0.075509 0.655885 0.021838 0.947894
1 0.499166 0.116838 0.653639 0.017767 0.947894
1 0.500529 0.162654 0.652910 0.016461 0.947894
1 0.502646 0.202881 0.657143 0.018519 0.947894
1 0.500529 0.249280 0.652910 0.016461 0.947894
1 0.500000 0.981584 0.649735 0.024691 0.947894
