1 0.498782 0.953082 0.656783 0.020528 0.660953
0 0.498193 0.009853 0.656105 0.020425 0.660953
1 0.498006 0.050606 0.655436 0.020091 0.660953
1 0.496396 0.091146 0.654308 0.018344 0.660953
1 0.498173 0.133638 0.657682 0.020091 0.660953
1 0.498904 0.177188 0.656220 0.017470 0.660953
1 0.498672 0.221267 0.655436 0.019217 0.660953
1 0.499224 0.263093 0.655436 0.020091 0.660953
1 0.500354 0.306031 0.658131 0.020964 0.660953
1 0.498108 0.348499 0.655436 0.020091 0.660953
1 0.499007 0.393414 0.653639 0.020648 0.660953
1 0.497499 0.435841 0.655436 0.020964 0.660953
1 0.499869 0.481045 0.653132 0.020091 0.660953
1 0.498063 0.521479 0.653409 0.020091 0.660953
1 0.496825 0.565917 0.655885 0.019868 0.660953
1 0.496028 0.603507 0.658638 0.019013 0.660953
1 0.497499 0.650012 0.657233 0.020964 0.660953
1 0.496666 0.693561 0.654987 0.020091 0.660953
1 0.496666 0.737237 0.655885 0.021838 0.660953
1 0.495992 0.777332 0.653639 0.017767 0.660953
1 0.496296 0.824074 0.652910 0.016461 0.660953
1 0.495238 0.867490 0.657143 0.018519 0.660953
1 0.496296 0.907716 0.652910 0.016461 0.660953
