1 0.497884 0.088477 0.656085 0.018519 0.776164
1 0.495767 0.138889 0.649735 0.016461 0.776164
1 0.493122 0.181070 0.652910 0.018519 0.776164
1 0.496825 0.224280 0.653968 0.018519 0.776164
1 0.498413 0.261317 0.652910 0.018519 0.776164
1 0.494709 0.304527 0.649735 0.018519 0.776164
1 0.495767 0.346708 0.649735 0.020576 0.776164
1 0.496296 0.393004 0.652910 0.018519 0.776164
1 0.497884 0.436214 0.651852 0.018519 0.776164
1 0.496296 0.475309 0.650794 0.018519 0.776164
1 0.496296 0.522634 0.652910 0.018519 0.776164
1 0.496825 0.560700 0.649735 0.024691 0.776164
1 0.494709 0.603909 0.651852 0.024691 0.776164
1 0.497884 0.649177 0.651852 0.020576 0.776164
1 0.495238 0.691358 0.646561 0.018519 0.776164
1 0.498942 0.733539 0.656085 0.024691 0.776164
1 0.497354 0.780864 0.652910 0.020576 0.776164
1 0.499471 0.820988 0.652910 0.018519 0.776164
1 0.497884 0.866255 0.653968 0.018519 0.776164
1 0.501587 0.914609 0.655026 0.016461 0.776164
1 0.497354 0.959877 0.650794 0.020576 0.776164
1 0.495767 0.047325 0.653968 0.026749 0.776164
1 0.493651 0.016872 0.649735 0.020576 0.776164
