1 0.504232 0.204110 0.656783 0.020528 0.906443
1 0.503484 0.247610 0.656105 0.020425 0.906443
1 0.500122 0.291347 0.655436 0.020091 0.906443
1 0.503803 0.331887 0.654308 0.018344 0.906443
1 0.501348 0.376436 0.657682 0.020091 0.906443
1 0.502079 0.417928 0.656220 0.017470 0.906443
1 0.503963 0.459950 0.655436 0.019217 0.906443
1 0.501340 0.503834 0.655436 0.020091 0.906443
1 0.502471 0.546772 0.658131 0.020964 0.906443
1 0.499166 0.591297 0.655436 0.020091 0.906443
1 0.501123 0.630040 0.653639 0.020648 0.906443
1 0.502790 0.678639 0.655436 0.020964 0.906443
1 0.500927 0.719728 0.653132 0.020091 0.906443
1 0.504412 0.764277 0.653409 0.020091 0.906443
1 0.504233 0.806657 0.655885 0.019868 0.906443
1 0.505552 0.844248 0.658638 0.019013 0.906443
1 0.503848 0.890752 0.657233 0.020964 0.906443
1 0.504073 0.935125 0.654987 0.020091 0.906443
1 0.499166 0.030419 0.653639 0.017767 0.906443
1 0.501587 0.074177 0.652910 0.016461 0.906443
1 0.504762 0.118519 0.657143 0.018519 0.906443
1 0.500529 0.162860 0.652910 0.016461 0.906443
1 0.503175 0.974383 0.651852 0.022634 0.906443
