1 0.502115 0.206168 0.656783 0.020528 0.903455
1 0.500309 0.247610 0.656105 0.020425 0.903455
1 0.500122 0.293405 0.655436 0.020091 0.903455
1 0.503803 0.329830 0.654308 0.018344 0.903455
1 0.500290 0.376436 0.657682 0.020091 0.903455
1 0.501021 0.417928 0.656220 0.017470 0.903455
1 0.502905 0.455835 0.655436 0.019217 0.903455
1 0.501340 0.503834 0.655436 0.020091 0.903455
1 0.502471 0.546772 0.658131 0.020964 0.903455
1 0.498108 0.591297 0.655436 0.020091 0.903455
1 0.499007 0.627982 0.653639 0.020648 0.903455
1 0.499616 0.672467 0.655436 0.020964 0.903455
1 0.503044 0.717670 0.653132 0.020091 0.903455
1 0.501238 0.764277 0.653409 0.020091 0.903455
1 0.501058 0.804600 0.655885 0.019868 0.903455
1 0.500261 0.850421 0.658638 0.019013 0.903455
1 0.502790 0.886637 0.657233 0.020964 0.903455
1 0.496666 0.933067 0.654987 0.020091 0.903455
1 0.499166 0.036592 0.653639 0.017767 0.903455
1 0.499471 0.080350 0.652910 0.016461 0.903455
1 0.503704 0.122634 0.657143 0.018519 0.903455
1 0.500529 0.160802 0.652910 0.016461 0.903455
1 0.496825 0.974588 0.651852 0.022634 0.903455
