1 0.498942 0.084362 0.656085 0.018519 0.735297
1 0.496825 0.130658 0.649735 0.016461 0.735297
1 0.498413 0.166667 0.652910 0.018519 0.735297
1 0.495767 0.213992 0.653968 0.018519 0.735297
1 0.497354 0.257202 0.652910 0.018519 0.735297
1 0.498942 0.300412 0.649735 0.018519 0.735297
1 0.498942 0.344650 0.649735 0.020576 0.735297
1 0.500529 0.382716 0.652910 0.018519 0.735297
1 0.496825 0.427984 0.651852 0.018519 0.735297
1 0.499471 0.475309 0.650794 0.018519 0.735297
1 0.498413 0.512346 0.652910 0.018519 0.735297
1 0.497884 0.558642 0.649735 0.024691 0.735297
1 0.495767 0.601852 0.651852 0.024691 0.735297
1 0.496825 0.651235 0.651852 0.020576 0.735297
1 0.497354 0.689300 0.646561 0.018519 0.735297
1 0.497884 0.730453 0.656085 0.014403 0.735297
1 0.500529 0.776749 0.652910 0.020576 0.735297
1 0.498413 0.816872 0.652910 0.018519 0.735297
1 0.498942 0.866255 0.653968 0.018519 0.735297
1 0.500529 0.906379 0.655026 0.016461 0.735297
1 0.496296 0.945473 0.650794 0.020576 0.735297
1 0.495767 0.045267 0.653968 0.026749 0.735297
0 0.495767 0.990535 0.649735 0.020576 0.735297
