1 0.501057 0.160900 0.656783 0.020528 0.530642
1 0.501368 0.202343 0.656105 0.020425 0.530642
1 0.504355 0.248137 0.655436 0.020091 0.530642
1 0.501687 0.290735 0.654308 0.018344 0.530642
1 0.501348 0.333227 0.657682 0.020091 0.530642
1 0.497846 0.376776 0.656220 0.017470 0.530642
1 0.501847 0.418798 0.655436 0.019217 0.530642
1 0.501340 0.466797 0.655436 0.020091 0.530642
1 0.501413 0.509735 0.658131 0.020964 0.530642
1 0.501283 0.554260 0.655436 0.020091 0.530642
1 0.500065 0.590945 0.653639 0.020648 0.530642
1 0.501732 0.635430 0.655436 0.020964 0.530642
1 0.498811 0.678576 0.653132 0.020091 0.530642
1 0.500180 0.725182 0.653409 0.020091 0.530642
1 0.503175 0.765505 0.655885 0.019868 0.530642
1 0.502377 0.811326 0.658638 0.019013 0.530642
1 0.498557 0.851658 0.657233 0.020964 0.530642
1 0.498782 0.895207 0.654987 0.020091 0.530642
1 0.497724 0.936825 0.655885 0.021838 0.530642
1 0.500225 0.983094 0.653639 0.017767 0.530642
1 0.497354 0.030967 0.652910 0.016461 0.530642
1 0.499471 0.075309 0.657143 0.018519 0.530642
1 0.500529 0.127881 0.652910 0.016461 0.530642
