1 0.497884 0.086420 0.656085 0.018519 0.390938
1 0.500000 0.122428 0.649735 0.016461 0.390938
1 0.497354 0.168724 0.652910 0.018519 0.390938
1 0.495767 0.213992 0.653968 0.018519 0.390938
1 0.498413 0.251029 0.652910 0.018519 0.390938
1 0.500000 0.296296 0.649735 0.018519 0.390938
1 0.497884 0.340535 0.649735 0.020576 0.390938
1 0.501587 0.378601 0.652910 0.018519 0.390938
1 0.497884 0.425926 0.651852 0.018519 0.390938
1 0.497354 0.465021 0.650794 0.018519 0.390938
1 0.501587 0.512346 0.652910 0.018519 0.390938
1 0.500000 0.558642 0.649735 0.024691 0.390938
1 0.497884 0.597737 0.651852 0.024691 0.390938
1 0.503175 0.638889 0.651852 0.020576 0.390938
1 0.499471 0.683128 0.646561 0.018519 0.390938
1 0.498942 0.730453 0.656085 0.014403 0.390938
1 0.498413 0.772634 0.652910 0.020576 0.390938
1 0.498413 0.816872 0.652910 0.018519 0.390938
1 0.502116 0.860082 0.653968 0.018519 0.390938
1 0.501587 0.904321 0.655026 0.016461 0.390938
1 0.500529 0.943416 0.650794 0.020576 0.390938
1 0.503704 0.986728 0.657143 0.026749 0.390938
1 0.496825 0.041152 0.653968 0.026749 0.390938
