1 0.502115 0.220571 0.656783 0.020528 0.713772
1 0.504542 0.262013 0.656105 0.020425 0.713772
1 0.501180 0.305750 0.655436 0.020091 0.713772
1 0.502745 0.352463 0.654308 0.018344 0.713772
1 0.501348 0.392897 0.657682 0.020091 0.713772
1 0.501021 0.436447 0.656220 0.017470 0.713772
1 0.499730 0.480526 0.655436 0.019217 0.713772
1 0.500282 0.522353 0.655436 0.020091 0.713772
1 0.502471 0.567348 0.658131 0.020964 0.713772
1 0.500225 0.609816 0.655436 0.020091 0.713772
1 0.500065 0.650616 0.653639 0.020648 0.713772
1 0.499616 0.695100 0.655436 0.020964 0.713772
1 0.497753 0.744419 0.653132 0.020091 0.713772
1 0.501238 0.786911 0.653409 0.020091 0.713772
1 0.500000 0.833406 0.655885 0.019868 0.713772
1 0.501319 0.868939 0.658638 0.019013 0.713772
1 0.502790 0.915444 0.657233 0.020964 0.713772
1 0.497724 0.961051 0.654987 0.020091 0.713772
0 0.500898 0.017895 0.655885 0.021838 0.713772
1 0.497050 0.059225 0.653639 0.017767 0.713772
1 0.497354 0.092695 0.652910 0.016461 0.713772
1 0.501587 0.137037 0.657143 0.018519 0.713772
1 0.499471 0.177263 0.652910 0.016461 0.713772
