1 0.499999 0.263781 0.656783 0.020528 0.965309
1 0.502426 0.307281 0.656105 0.020425 0.965309
1 0.500122 0.346903 0.655436 0.020091 0.965309
1 0.497454 0.389500 0.654308 0.018344 0.965309
1 0.498173 0.434050 0.657682 0.020091 0.965309
1 0.498904 0.477599 0.656220 0.017470 0.965309
1 0.500789 0.519621 0.655436 0.019217 0.965309
1 0.498166 0.563505 0.655436 0.020091 0.965309
1 0.497180 0.606443 0.658131 0.020964 0.965309
1 0.495992 0.648910 0.655436 0.020091 0.965309
1 0.500065 0.693826 0.653639 0.020648 0.965309
1 0.500674 0.734195 0.655436 0.020964 0.965309
1 0.499869 0.779399 0.653132 0.020091 0.965309
1 0.499121 0.821890 0.653409 0.020091 0.965309
1 0.501058 0.864270 0.655885 0.019868 0.965309
1 0.501319 0.910091 0.658638 0.019013 0.965309
1 0.499616 0.952481 0.657233 0.020964 0.965309
1 0.499840 0.990578 0.654987 0.020091 0.965309
1 0.501957 0.046702 0.655885 0.021838 0.965309
1 0.499166 0.092147 0.653639 0.017767 0.965309
1 0.498413 0.135905 0.652910 0.016461 0.965309
1 0.500529 0.178189 0.657143 0.018519 0.965309
1 0.499471 0.220473 0.652910 0.016461 0.965309
