1 0.503174 0.288473 0.656783 0.020528 0.944227
1 0.500309 0.329915 0.656105 0.020425 0.944227
1 0.502239 0.373652 0.655436 0.020091 0.944227
1 0.502745 0.412134 0.654308 0.018344 0.944227
1 0.502406 0.460799 0.657682 0.020091 0.944227
1 0.498904 0.502291 0.656220 0.017470 0.944227
1 0.500789 0.540197 0.655436 0.019217 0.944227
1 0.500282 0.586139 0.655436 0.020091 0.944227
1 0.503529 0.631134 0.658131 0.020964 0.944227
1 0.498108 0.669486 0.655436 0.020091 0.944227
1 0.499007 0.718517 0.653639 0.020648 0.944227
1 0.500674 0.756829 0.655436 0.020964 0.944227
1 0.501985 0.804090 0.653132 0.020091 0.944227
1 0.501238 0.846582 0.653409 0.020091 0.944227
1 0.500000 0.884847 0.655885 0.019868 0.944227
1 0.503435 0.928610 0.658638 0.019013 0.944227
1 0.499840 0.032656 0.654987 0.020091 0.944227
1 0.500898 0.071393 0.655885 0.021838 0.944227
1 0.497050 0.112723 0.653639 0.017767 0.944227
1 0.499471 0.156481 0.652910 0.016461 0.944227
1 0.501587 0.194650 0.657143 0.018519 0.944227
1 0.503704 0.236934 0.652910 0.016461 0.944227
1 0.505820 0.971502 0.657143 0.016461 0.944227
