1 0.501057 0.298761 0.656783 0.020528 0.952251
1 0.500309 0.342260 0.656105 0.020425 0.952251
1 0.498006 0.385997 0.655436 0.020091 0.952251
1 0.501687 0.426537 0.654308 0.018344 0.952251
1 0.502406 0.469029 0.657682 0.020091 0.952251
1 0.499963 0.514636 0.656220 0.017470 0.952251
1 0.499730 0.558715 0.655436 0.019217 0.952251
1 0.499224 0.600542 0.655436 0.020091 0.952251
1 0.503529 0.641422 0.658131 0.020964 0.952251
1 0.501283 0.690063 0.655436 0.020091 0.952251
1 0.501123 0.728805 0.653639 0.020648 0.952251
1 0.501732 0.771232 0.655436 0.020964 0.952251
1 0.500927 0.812320 0.653132 0.020091 0.952251
1 0.501238 0.858927 0.653409 0.020091 0.952251
1 0.501058 0.899250 0.655885 0.019868 0.952251
1 0.501319 0.945071 0.658638 0.019013 0.952251
1 0.500898 0.040886 0.654987 0.020091 0.952251
1 0.499840 0.081681 0.655885 0.021838 0.952251
1 0.499166 0.125069 0.653639 0.017767 0.952251
1 0.499471 0.170885 0.652910 0.016461 0.952251
1 0.502646 0.217284 0.657143 0.018519 0.952251
1 0.500529 0.253395 0.652910 0.016461 0.952251
1 0.496825 0.986626 0.649735 0.024691 0.952251
