1 0.503174 0.237032 0.656783 0.020528 0.964136
1 0.503484 0.280532 0.656105 0.020425 0.964136
1 0.500122 0.326326 0.655436 0.020091 0.964136
1 0.497454 0.368924 0.654308 0.018344 0.964136
1 0.499231 0.411416 0.657682 0.020091 0.964136
1 0.501021 0.450850 0.656220 0.017470 0.964136
1 0.500789 0.496987 0.655436 0.019217 0.964136
1 0.499224 0.540871 0.655436 0.020091 0.964136
1 0.500354 0.583809 0.658131 0.020964 0.964136
1 0.494934 0.626277 0.655436 0.020091 0.964136
1 0.497948 0.669135 0.653639 0.020648 0.964136
1 0.500674 0.711561 0.655436 0.020964 0.964136
1 0.499869 0.756765 0.653132 0.020091 0.964136
1 0.499121 0.795141 0.653409 0.020091 0.964136
1 0.500000 0.845752 0.655885 0.019868 0.964136
1 0.500261 0.887458 0.658638 0.019013 0.964136
1 0.497499 0.927789 0.657233 0.020964 0.964136
1 0.499840 0.974117 0.654987 0.020091 0.964136
1 0.501957 0.026126 0.655885 0.021838 0.964136
1 0.500225 0.067456 0.653639 0.017767 0.964136
1 0.501587 0.117387 0.652910 0.016461 0.964136
1 0.499471 0.155556 0.657143 0.018519 0.964136
1 0.499471 0.199897 0.652910 0.016461 0.964136
