1 0.502115 0.088884 0.656783 0.020528 0.578868
1 0.501368 0.126211 0.656105 0.020425 0.578868
1 0.501180 0.176121 0.655436 0.020091 0.578868
1 0.503803 0.216661 0.654308 0.018344 0.578868
1 0.504522 0.259152 0.657682 0.020091 0.578868
1 0.501021 0.304760 0.656220 0.017470 0.578868
1 0.501847 0.344724 0.655436 0.019217 0.578868
1 0.503457 0.388608 0.655436 0.020091 0.578868
1 0.503529 0.429488 0.658131 0.020964 0.578868
1 0.500225 0.469898 0.655436 0.020091 0.578868
1 0.497948 0.516871 0.653639 0.020648 0.578868
1 0.499616 0.557240 0.655436 0.020964 0.578868
1 0.499869 0.604502 0.653132 0.020091 0.578868
1 0.500180 0.649051 0.653409 0.020091 0.578868
1 0.502116 0.691431 0.655885 0.019868 0.578868
1 0.502377 0.733137 0.658638 0.019013 0.578868
1 0.499616 0.773468 0.657233 0.020964 0.578868
1 0.501957 0.817018 0.654987 0.020091 0.578868
1 0.503015 0.862751 0.655885 0.021838 0.578868
1 0.499166 0.902847 0.653639 0.017767 0.578868
1 0.498413 0.947531 0.652910 0.016461 0.578868
0 0.499471 0.986831 0.657143 0.018519 0.578868
1 0.500529 0.043519 0.652910 0.016461 0.578868
