1 0.502115 0.171189 0.656783 0.020528 0.529412
1 0.504542 0.214688 0.656105 0.020425 0.529412
1 0.504355 0.256368 0.655436 0.020091 0.529412
1 0.501687 0.298965 0.654308 0.018344 0.529412
1 0.501348 0.345572 0.657682 0.020091 0.529412
1 0.501021 0.387064 0.656220 0.017470 0.529412
1 0.501847 0.431143 0.655436 0.019217 0.529412
1 0.501340 0.472970 0.655436 0.020091 0.529412
1 0.501413 0.520023 0.658131 0.020964 0.529412
1 0.502341 0.564548 0.655436 0.020091 0.529412
1 0.500065 0.603291 0.653639 0.020648 0.529412
1 0.500674 0.647775 0.655436 0.020964 0.529412
1 0.498811 0.686806 0.653132 0.020091 0.529412
1 0.500180 0.737528 0.653409 0.020091 0.529412
1 0.500000 0.775793 0.655885 0.019868 0.529412
1 0.502377 0.823672 0.658638 0.019013 0.529412
1 0.498557 0.868119 0.657233 0.020964 0.529412
1 0.498782 0.905495 0.654987 0.020091 0.529412
1 0.500898 0.947114 0.655885 0.021838 0.529412
0 0.500225 0.987209 0.653639 0.017767 0.529412
1 0.497354 0.043313 0.652910 0.016461 0.529412
1 0.499471 0.087654 0.657143 0.018519 0.529412
1 0.500529 0.127881 0.652910 0.016461 0.529412
