1 0.496666 0.963370 0.656783 0.020528 0.652013
0 0.501368 0.017157 0.656105 0.020425 0.652013
1 0.498006 0.060894 0.655436 0.020091 0.652013
1 0.497454 0.103492 0.654308 0.018344 0.652013
1 0.499231 0.145984 0.657682 0.020091 0.652013
1 0.498904 0.187476 0.656220 0.017470 0.652013
1 0.498672 0.233613 0.655436 0.019217 0.652013
1 0.499224 0.275439 0.655436 0.020091 0.652013
1 0.501413 0.318377 0.658131 0.020964 0.652013
1 0.499166 0.360845 0.655436 0.020091 0.652013
1 0.501123 0.403703 0.653639 0.020648 0.652013
1 0.498557 0.448187 0.655436 0.020964 0.652013
1 0.499869 0.487218 0.653132 0.020091 0.652013
1 0.498063 0.529709 0.653409 0.020091 0.652013
1 0.497884 0.574147 0.655885 0.019868 0.652013
1 0.497086 0.617910 0.658638 0.019013 0.652013
1 0.498557 0.658242 0.657233 0.020964 0.652013
1 0.497724 0.703849 0.654987 0.020091 0.652013
1 0.496666 0.751640 0.655885 0.021838 0.652013
1 0.495992 0.791736 0.653639 0.017767 0.652013
1 0.496296 0.834362 0.652910 0.016461 0.652013
1 0.496296 0.873663 0.657143 0.018519 0.652013
1 0.499471 0.920062 0.652910 0.016461 0.652013
