1 0.499999 0.288473 0.656783 0.020528 0.980392
1 0.499251 0.331972 0.656105 0.020425 0.980392
1 0.496948 0.377767 0.655436 0.020091 0.980392
1 0.497454 0.418307 0.654308 0.018344 0.980392
1 0.497115 0.462856 0.657682 0.020091 0.980392
1 0.498904 0.504348 0.656220 0.017470 0.980392
1 0.496556 0.550485 0.655436 0.019217 0.980392
1 0.497107 0.590254 0.655436 0.020091 0.980392
1 0.498238 0.635249 0.658131 0.020964 0.980392
1 0.501283 0.673602 0.655436 0.020091 0.980392
1 0.497948 0.716460 0.653639 0.020648 0.980392
1 0.497499 0.760944 0.655436 0.020964 0.980392
1 0.496694 0.808205 0.653132 0.020091 0.980392
1 0.499121 0.848639 0.653409 0.020091 0.980392
1 0.500000 0.884847 0.655885 0.019868 0.980392
1 0.500261 0.930667 0.658638 0.019013 0.980392
1 0.502790 0.977789 0.657233 0.020964 0.980392
1 0.498782 0.029672 0.654987 0.020091 0.980392
1 0.499840 0.078081 0.655885 0.021838 0.980392
1 0.499166 0.118896 0.653639 0.017767 0.980392
1 0.497354 0.160597 0.652910 0.016461 0.980392
1 0.499471 0.206996 0.657143 0.018519 0.980392
1 0.500529 0.247222 0.652910 0.016461 0.980392
