1 0.504542 0.043906 0.656105 0.020425 0.311996
1 0.503297 0.087643 0.655436 0.020091 0.311996
1 0.500629 0.122011 0.654308 0.018344 0.311996
1 0.501348 0.168618 0.657682 0.020091 0.311996
1 0.501021 0.212167 0.656220 0.017470 0.311996
1 0.503963 0.256246 0.655436 0.019217 0.311996
1 0.502398 0.298073 0.655436 0.020091 0.311996
1 0.504587 0.347183 0.658131 0.020964 0.311996
1 0.502341 0.389651 0.655436 0.020091 0.311996
1 0.496890 0.432509 0.653639 0.020648 0.311996
1 0.498557 0.470820 0.655436 0.020964 0.311996
1 0.498811 0.513967 0.653132 0.020091 0.311996
1 0.498063 0.560573 0.653409 0.020091 0.311996
1 0.498942 0.609126 0.655885 0.019868 0.311996
1 0.498144 0.648774 0.658638 0.019013 0.311996
1 0.498557 0.693222 0.657233 0.020964 0.311996
1 0.496666 0.736771 0.654987 0.020091 0.311996
1 0.495607 0.782504 0.655885 0.021838 0.311996
1 0.494934 0.822600 0.653639 0.017767 0.311996
1 0.499471 0.863169 0.652910 0.016461 0.311996
1 0.502116 0.909053 0.656085 0.015226 0.311996
1 0.502646 0.953704 0.657143 0.024691 0.311996
1 0.500000 0.987654 0.656085 0.018519 0.311996
