1 0.492593 0.135802 0.656085 0.018519 0.833958
1 0.490476 0.177984 0.649735 0.016461 0.833958
1 0.493122 0.226337 0.652910 0.018519 0.833958
1 0.491534 0.269547 0.653968 0.018519 0.833958
1 0.493122 0.310700 0.652910 0.018519 0.833958
1 0.492593 0.351852 0.649735 0.018519 0.833958
1 0.491534 0.396091 0.649735 0.020576 0.833958
1 0.493122 0.438272 0.652910 0.018519 0.833958
1 0.497884 0.485597 0.651852 0.018519 0.833958
1 0.498413 0.524691 0.650794 0.018519 0.833958
1 0.498413 0.565844 0.652910 0.018519 0.833958
1 0.497884 0.612140 0.649735 0.024691 0.833958
1 0.498942 0.655350 0.651852 0.024691 0.833958
1 0.498942 0.696502 0.651852 0.020576 0.833958
1 0.498413 0.783951 0.646561 0.018519 0.833958
1 0.502116 0.743827 0.656085 0.024691 0.833958
1 0.501587 0.830247 0.652910 0.020576 0.833958
1 0.498413 0.870370 0.652910 0.018519 0.833958
1 0.504233 0.919753 0.653968 0.018519 0.833958
1 0.502646 0.961934 0.655026 0.016461 0.833958
0 0.489947 0.009465 0.650794 0.020576 0.833958
1 0.494709 0.098765 0.653968 0.026749 0.833958
1 0.496825 0.058025 0.649735 0.020576 0.833958
