1 0.498942 0.098765 0.656085 0.018519 0.789900
1 0.495767 0.136831 0.649735 0.016461 0.789900
1 0.494180 0.185185 0.652910 0.018519 0.789900
1 0.500000 0.228395 0.653968 0.018519 0.789900
1 0.497354 0.269547 0.652910 0.018519 0.789900
1 0.497884 0.310700 0.649735 0.018519 0.789900
1 0.497884 0.352881 0.649735 0.020576 0.789900
1 0.498413 0.401235 0.652910 0.018519 0.789900
1 0.496825 0.438272 0.651852 0.018519 0.789900
1 0.497354 0.481481 0.650794 0.018519 0.789900
1 0.493122 0.524691 0.652910 0.018519 0.789900
1 0.498942 0.575103 0.649735 0.024691 0.789900
1 0.497884 0.616255 0.651852 0.024691 0.789900
1 0.496825 0.655350 0.651852 0.020576 0.789900
1 0.497354 0.699588 0.646561 0.018519 0.789900
1 0.496825 0.742798 0.656085 0.014403 0.789900
1 0.494180 0.787037 0.652910 0.020576 0.789900
1 0.497354 0.827160 0.652910 0.018519 0.789900
1 0.497884 0.868313 0.653968 0.018519 0.789900
1 0.502646 0.916667 0.655026 0.016461 0.789900
1 0.503704 0.957819 0.650794 0.020576 0.789900
1 0.495767 0.051440 0.653968 0.026749 0.789900
0 0.494709 0.012449 0.649735 0.020576 0.789900
