1 0.498941 0.298761 0.656783 0.020528 0.978214
1 0.501368 0.342260 0.656105 0.020425 0.978214
1 0.496948 0.385997 0.655436 0.020091 0.978214
1 0.498512 0.426537 0.654308 0.018344 0.978214
1 0.500290 0.469029 0.657682 0.020091 0.978214
1 0.501021 0.512579 0.656220 0.017470 0.978214
1 0.497614 0.556658 0.655436 0.019217 0.978214
1 0.500282 0.604657 0.655436 0.020091 0.978214
1 0.500354 0.643480 0.658131 0.020964 0.978214
1 0.501283 0.688005 0.655436 0.020091 0.978214
1 0.497948 0.732921 0.653639 0.020648 0.978214
1 0.501732 0.773290 0.655436 0.020964 0.978214
1 0.498811 0.820551 0.653132 0.020091 0.978214
1 0.500180 0.863043 0.653409 0.020091 0.978214
1 0.502116 0.905423 0.655885 0.019868 0.978214
1 0.503435 0.947128 0.658638 0.019013 0.978214
1 0.501732 0.989929 0.657233 0.020964 0.978214
1 0.497724 0.044076 0.654987 0.020091 0.978214
1 0.498782 0.082196 0.655885 0.021838 0.978214
1 0.499166 0.125069 0.653639 0.017767 0.978214
1 0.498413 0.170885 0.652910 0.016461 0.978214
1 0.500529 0.217284 0.657143 0.018519 0.978214
1 0.500529 0.257510 0.652910 0.016461 0.978214
