1 0.498942 0.057613 0.656085 0.018519 0.924444
1 0.498942 0.097737 0.649735 0.016461 0.924444
1 0.498413 0.141975 0.652910 0.018519 0.924444
1 0.500000 0.179012 0.653968 0.018519 0.924444
1 0.498413 0.216049 0.652910 0.018519 0.924444
1 0.498942 0.267490 0.649735 0.018519 0.924444
1 0.497884 0.309671 0.649735 0.020576 0.924444
1 0.500529 0.351852 0.652910 0.018519 0.924444
1 0.498942 0.397119 0.651852 0.018519 0.924444
1 0.495238 0.440329 0.650794 0.018519 0.924444
1 0.498413 0.479424 0.652910 0.018519 0.924444
1 0.498942 0.519547 0.649735 0.024691 0.924444
1 0.496825 0.562757 0.651852 0.024691 0.924444
1 0.495767 0.612140 0.651852 0.020576 0.924444
1 0.498413 0.652263 0.646561 0.018519 0.924444
1 0.500000 0.699588 0.656085 0.014403 0.924444
1 0.498413 0.741770 0.652910 0.020576 0.924444
1 0.498413 0.779835 0.652910 0.018519 0.924444
1 0.498942 0.827160 0.653968 0.018519 0.924444
1 0.503704 0.871399 0.655026 0.016461 0.924444
1 0.499471 0.912551 0.650794 0.020576 0.924444
1 0.496825 0.014403 0.653968 0.026749 0.924444
1 0.500000 0.953498 0.649735 0.020576 0.924444
0 0.502116 0.985597 0.660317 0.022634 0.924444
