1 0.501057 0.189707 0.656783 0.020528 0.901961
1 0.499251 0.233207 0.656105 0.020425 0.901961
1 0.496948 0.276944 0.655436 0.020091 0.901961
1 0.502745 0.321599 0.654308 0.018344 0.901961
1 0.500290 0.366148 0.657682 0.020091 0.901961
1 0.501021 0.409698 0.656220 0.017470 0.901961
1 0.502905 0.451720 0.655436 0.019217 0.901961
1 0.503457 0.491488 0.655436 0.020091 0.901961
1 0.501413 0.536484 0.658131 0.020964 0.901961
1 0.500225 0.576894 0.655436 0.020091 0.901961
1 0.500065 0.619752 0.653639 0.020648 0.901961
1 0.499616 0.664236 0.655436 0.020964 0.901961
1 0.500927 0.707382 0.653132 0.020091 0.901961
1 0.500180 0.749874 0.653409 0.020091 0.901961
1 0.502116 0.792254 0.655885 0.019868 0.901961
1 0.502377 0.838075 0.658638 0.019013 0.901961
1 0.507023 0.880464 0.657233 0.020964 0.901961
1 0.505131 0.918664 0.654987 0.020091 0.901961
1 0.498108 0.022188 0.653639 0.017767 0.901961
1 0.499471 0.065947 0.652910 0.016461 0.901961
1 0.503704 0.104115 0.657143 0.018519 0.901961
1 0.502646 0.150514 0.652910 0.016461 0.901961
1 0.504233 0.966255 0.651852 0.022634 0.901961
