1 0.501957 0.891353 0.656783 0.020528 0.744515
1 0.506659 0.936911 0.656105 0.020425 0.744515
1 0.503297 0.977664 0.655436 0.020091 0.744515
1 0.493221 0.033533 0.654308 0.018344 0.744515
1 0.497115 0.067794 0.657682 0.020091 0.744515
1 0.496788 0.111344 0.656220 0.017470 0.744515
1 0.495498 0.163654 0.655436 0.019217 0.744515
1 0.498166 0.203423 0.655436 0.020091 0.744515
1 0.500354 0.246360 0.658131 0.020964 0.744515
1 0.498108 0.288828 0.655436 0.020091 0.744515
1 0.499007 0.329628 0.653639 0.020648 0.744515
1 0.497499 0.365882 0.655436 0.020964 0.744515
1 0.496694 0.419316 0.653132 0.020091 0.744515
1 0.498063 0.457693 0.653409 0.020091 0.744515
1 0.498942 0.504188 0.655885 0.019868 0.744515
1 0.507668 0.541779 0.658638 0.019013 0.744515
1 0.498557 0.586226 0.657233 0.020964 0.744515
1 0.500898 0.633890 0.654987 0.020091 0.744515
1 0.497724 0.679624 0.655885 0.021838 0.744515
1 0.500225 0.717662 0.653639 0.017767 0.744515
1 0.497354 0.760288 0.652910 0.016461 0.744515
1 0.498413 0.805761 0.657143 0.018519 0.744515
1 0.500529 0.845988 0.652910 0.016461 0.744515
