1 0.499730 0.036416 0.655206 0.018985 0.253207
1 0.501957 0.078184 0.656783 0.020528 0.253207
1 0.502426 0.120038 0.656105 0.020425 0.253207
1 0.499064 0.165833 0.655436 0.020091 0.253207
1 0.498512 0.208430 0.654308 0.018344 0.253207
1 0.500290 0.246807 0.657682 0.020091 0.253207
1 0.504195 0.294472 0.656220 0.017470 0.253207
1 0.500789 0.330320 0.655436 0.019217 0.253207
1 0.502398 0.376262 0.655436 0.020091 0.253207
1 0.501413 0.423315 0.658131 0.020964 0.253207
1 0.500225 0.463725 0.655436 0.020091 0.253207
1 0.501123 0.506583 0.653639 0.020648 0.253207
1 0.497499 0.549010 0.655436 0.020964 0.253207
1 0.494578 0.585983 0.653132 0.020091 0.253207
1 0.497005 0.638763 0.653409 0.020091 0.253207
1 0.501058 0.677028 0.655885 0.019868 0.253207
1 0.497086 0.722849 0.658638 0.019013 0.253207
1 0.497499 0.765238 0.657233 0.020964 0.253207
1 0.498782 0.808788 0.654987 0.020091 0.253207
1 0.498782 0.852463 0.655885 0.021838 0.253207
1 0.498108 0.892559 0.653639 0.017767 0.253207
1 0.497354 0.937243 0.652910 0.016461 0.253207
1 0.500529 0.980658 0.657143 0.018519 0.253207
