1 0.498941 0.216456 0.656783 0.020528 0.973353
1 0.501368 0.255841 0.656105 0.020425 0.973353
1 0.495889 0.299577 0.655436 0.020091 0.973353
1 0.499571 0.344233 0.654308 0.018344 0.973353
1 0.498173 0.388782 0.657682 0.020091 0.973353
1 0.498904 0.432332 0.656220 0.017470 0.973353
1 0.497614 0.478469 0.655436 0.019217 0.973353
1 0.499224 0.518237 0.655436 0.020091 0.973353
1 0.498238 0.561175 0.658131 0.020964 0.973353
1 0.492817 0.601585 0.655436 0.020091 0.973353
1 0.494774 0.648558 0.653639 0.020648 0.973353
1 0.499616 0.688927 0.655436 0.020964 0.973353
1 0.498811 0.734131 0.653132 0.020091 0.973353
1 0.494889 0.778680 0.653409 0.020091 0.973353
1 0.501058 0.825176 0.655885 0.019868 0.973353
1 0.503435 0.868939 0.658638 0.019013 0.973353
1 0.500674 0.907213 0.657233 0.020964 0.973353
1 0.500898 0.944796 0.654987 0.020091 0.973353
1 0.500225 0.042764 0.653639 0.017767 0.973353
1 0.497354 0.084465 0.652910 0.016461 0.973353
1 0.501587 0.128807 0.657143 0.018519 0.973353
1 0.496296 0.173148 0.652910 0.016461 0.973353
1 0.498413 0.992027 0.652910 0.015947 0.973353
