1 0.498941 0.204110 0.656783 0.020528 0.975218
1 0.500309 0.245553 0.656105 0.020425 0.975218
1 0.498006 0.287232 0.655436 0.020091 0.975218
1 0.497454 0.331887 0.654308 0.018344 0.975218
1 0.498173 0.370264 0.657682 0.020091 0.975218
1 0.498904 0.417928 0.656220 0.017470 0.975218
1 0.498672 0.459950 0.655436 0.019217 0.975218
1 0.499224 0.503834 0.655436 0.020091 0.975218
1 0.499296 0.546772 0.658131 0.020964 0.975218
1 0.501283 0.589240 0.655436 0.020091 0.975218
1 0.497948 0.630040 0.653639 0.020648 0.975218
1 0.498557 0.670409 0.655436 0.020964 0.975218
1 0.497753 0.717670 0.653132 0.020091 0.975218
1 0.497005 0.758104 0.653409 0.020091 0.975218
1 0.501058 0.804600 0.655885 0.019868 0.975218
1 0.500261 0.842190 0.658638 0.019013 0.975218
1 0.498557 0.882522 0.657233 0.020964 0.975218
1 0.499840 0.932450 0.654987 0.020091 0.975218
1 0.495992 0.034534 0.653639 0.017767 0.975218
1 0.496296 0.074177 0.652910 0.016461 0.975218
1 0.497354 0.118519 0.657143 0.018519 0.975218
1 0.496296 0.156687 0.652910 0.016461 0.975218
1 0.497884 0.969136 0.651852 0.022634 0.975218
