1 0.498942 0.096708 0.656085 0.018519 0.935695
1 0.494709 0.140947 0.649735 0.016461 0.935695
1 0.493122 0.185185 0.652910 0.018519 0.935695
1 0.494709 0.232510 0.653968 0.018519 0.935695
1 0.498413 0.267490 0.652910 0.018519 0.935695
1 0.494709 0.312757 0.649735 0.018519 0.935695
1 0.495767 0.354938 0.649735 0.020576 0.935695
1 0.494180 0.397119 0.652910 0.018519 0.935695
1 0.496825 0.438272 0.651852 0.018519 0.935695
1 0.494180 0.483539 0.650794 0.018519 0.935695
1 0.497354 0.528807 0.652910 0.018519 0.935695
1 0.493651 0.575103 0.649735 0.024691 0.935695
1 0.495767 0.616255 0.651852 0.024691 0.935695
1 0.496825 0.661523 0.651852 0.020576 0.935695
1 0.495238 0.701646 0.646561 0.018519 0.935695
1 0.501058 0.746914 0.656085 0.014403 0.935695
1 0.495238 0.789095 0.652910 0.020576 0.935695
1 0.498413 0.827160 0.652910 0.018519 0.935695
1 0.496825 0.876543 0.653968 0.018519 0.935695
1 0.499471 0.920782 0.655026 0.016461 0.935695
1 0.498413 0.957819 0.650794 0.020576 0.935695
1 0.497884 0.055556 0.653968 0.026749 0.935695
1 0.497884 0.009362 0.649735 0.020576 0.935695
