1 0.494549 0.047320 0.656783 0.020528 0.284147
1 0.502426 0.093289 0.656105 0.020425 0.284147
1 0.499064 0.134968 0.655436 0.020091 0.284147
1 0.498512 0.171393 0.654308 0.018344 0.284147
1 0.499231 0.218000 0.657682 0.020091 0.284147
1 0.498904 0.265665 0.656220 0.017470 0.284147
1 0.499730 0.305629 0.655436 0.019217 0.284147
1 0.502398 0.351571 0.655436 0.020091 0.284147
1 0.503529 0.390393 0.658131 0.020964 0.284147
1 0.500225 0.434919 0.655436 0.020091 0.284147
1 0.500065 0.483949 0.653639 0.020648 0.284147
1 0.498557 0.524318 0.655436 0.020964 0.284147
1 0.497753 0.563349 0.653132 0.020091 0.284147
1 0.499121 0.609956 0.653409 0.020091 0.284147
1 0.497884 0.658509 0.655885 0.019868 0.284147
1 0.501319 0.700215 0.658638 0.019013 0.284147
1 0.497499 0.736431 0.657233 0.020964 0.284147
1 0.492433 0.788211 0.654987 0.020091 0.284147
1 0.495607 0.823657 0.655885 0.021838 0.284147
1 0.492817 0.869925 0.653639 0.017767 0.284147
1 0.498413 0.912551 0.652910 0.016461 0.284147
1 0.500529 0.960082 0.657143 0.018519 0.284147
1 0.497884 0.984568 0.649735 0.016461 0.284147
