1 0.498942 0.104938 0.656085 0.018519 0.934641
1 0.495767 0.149177 0.649735 0.016461 0.934641
1 0.493122 0.189300 0.652910 0.018519 0.934641
1 0.493651 0.234568 0.653968 0.018519 0.934641
1 0.498413 0.277778 0.652910 0.018519 0.934641
1 0.494709 0.323045 0.649735 0.018519 0.934641
1 0.495767 0.367284 0.649735 0.020576 0.934641
1 0.494180 0.409465 0.652910 0.018519 0.934641
1 0.496825 0.452675 0.651852 0.018519 0.934641
1 0.494180 0.493827 0.650794 0.018519 0.934641
1 0.496296 0.532922 0.652910 0.018519 0.934641
1 0.493651 0.579218 0.649735 0.024691 0.934641
1 0.495767 0.618313 0.651852 0.024691 0.934641
1 0.496825 0.661523 0.651852 0.020576 0.934641
1 0.495238 0.701646 0.646561 0.018519 0.934641
1 0.501058 0.744856 0.656085 0.014403 0.934641
1 0.496296 0.791152 0.652910 0.020576 0.934641
1 0.496296 0.835391 0.652910 0.018519 0.934641
1 0.496825 0.882716 0.653968 0.018519 0.934641
1 0.499471 0.926955 0.655026 0.016461 0.934641
1 0.495238 0.963992 0.650794 0.020576 0.934641
1 0.497884 0.063786 0.653968 0.026749 0.934641
1 0.497884 0.021399 0.649735 0.020576 0.934641
