1 0.494708 0.280242 0.656783 0.020528 0.842474
1 0.497135 0.321684 0.656105 0.020425 0.842474
1 0.494831 0.359248 0.655436 0.020091 0.842474
1 0.497454 0.405961 0.654308 0.018344 0.842474
1 0.499231 0.450511 0.657682 0.020091 0.842474
1 0.498904 0.498175 0.656220 0.017470 0.842474
1 0.496556 0.536082 0.655436 0.019217 0.842474
1 0.497107 0.579966 0.655436 0.020091 0.842474
1 0.499296 0.620846 0.658131 0.020964 0.842474
1 0.494934 0.665371 0.655436 0.020091 0.842474
1 0.494774 0.708229 0.653639 0.020648 0.842474
1 0.497499 0.748598 0.655436 0.020964 0.842474
1 0.494578 0.797917 0.653132 0.020091 0.842474
1 0.491714 0.836294 0.653409 0.020091 0.842474
1 0.498942 0.882789 0.655885 0.019868 0.842474
1 0.497086 0.924495 0.658638 0.019013 0.842474
1 0.502790 0.970999 0.657233 0.020964 0.842474
0 0.496666 0.010639 0.654987 0.020091 0.842474
1 0.499840 0.063163 0.655885 0.021838 0.842474
1 0.494934 0.098320 0.653639 0.017767 0.842474
1 0.496296 0.142078 0.652910 0.016461 0.842474
1 0.499471 0.194650 0.657143 0.018519 0.842474
1 0.493122 0.234877 0.652910 0.016461 0.842474
