1 0.496666 0.918102 0.656783 0.020528 0.679739
1 0.496077 0.959544 0.656105 0.020425 0.679739
1 0.498006 0.025915 0.655436 0.020091 0.679739
1 0.495338 0.062340 0.654308 0.018344 0.679739
1 0.498173 0.104832 0.657682 0.020091 0.679739
1 0.497846 0.144266 0.656220 0.017470 0.679739
1 0.496556 0.186288 0.655436 0.019217 0.679739
1 0.497107 0.226056 0.655436 0.020091 0.679739
1 0.500354 0.273109 0.658131 0.020964 0.679739
1 0.498108 0.317635 0.655436 0.020091 0.679739
1 0.499007 0.360493 0.653639 0.020648 0.679739
1 0.497499 0.404977 0.655436 0.020964 0.679739
1 0.495636 0.446065 0.653132 0.020091 0.679739
1 0.500180 0.488557 0.653409 0.020091 0.679739
1 0.496825 0.532995 0.655885 0.019868 0.679739
1 0.498144 0.570585 0.658638 0.019013 0.679739
1 0.495383 0.615032 0.657233 0.020964 0.679739
1 0.498782 0.660639 0.654987 0.020091 0.679739
1 0.494549 0.704315 0.655885 0.021838 0.679739
1 0.495992 0.748526 0.653639 0.017767 0.679739
1 0.494180 0.789095 0.652910 0.016461 0.679739
1 0.492063 0.836626 0.657143 0.018519 0.679739
1 0.495238 0.880967 0.652910 0.016461 0.679739
