1 0.495607 0.990119 0.656783 0.020528 0.478384
1 0.500309 0.041849 0.656105 0.020425 0.478384
1 0.498006 0.085586 0.655436 0.020091 0.478384
1 0.497454 0.126126 0.654308 0.018344 0.478384
1 0.501348 0.170675 0.657682 0.020091 0.478384
1 0.503137 0.220398 0.656220 0.017470 0.478384
1 0.498672 0.264477 0.655436 0.019217 0.478384
1 0.501340 0.308361 0.655436 0.020091 0.478384
1 0.502471 0.345126 0.658131 0.020964 0.478384
1 0.501283 0.389651 0.655436 0.020091 0.478384
1 0.502181 0.432509 0.653639 0.020648 0.478384
1 0.499616 0.479051 0.655436 0.020964 0.478384
1 0.498811 0.524255 0.653132 0.020091 0.478384
1 0.498063 0.564689 0.653409 0.020091 0.478384
1 0.497884 0.602954 0.655885 0.019868 0.478384
1 0.501319 0.652890 0.658638 0.019013 0.478384
1 0.498557 0.695279 0.657233 0.020964 0.478384
1 0.496666 0.734713 0.654987 0.020091 0.478384
1 0.498782 0.780447 0.655885 0.021838 0.478384
1 0.497050 0.820542 0.653639 0.017767 0.478384
1 0.498413 0.867284 0.652910 0.016461 0.478384
1 0.496296 0.912757 0.657143 0.018519 0.478384
1 0.497354 0.950926 0.652910 0.016461 0.478384
