1 0.499840 0.030859 0.656783 0.020528 0.295868
1 0.502426 0.072713 0.656105 0.020425 0.295868
1 0.499064 0.114392 0.655436 0.020091 0.295868
1 0.499571 0.152875 0.654308 0.018344 0.295868
1 0.499231 0.197424 0.657682 0.020091 0.295868
1 0.499963 0.243031 0.656220 0.017470 0.295868
1 0.501847 0.287111 0.655436 0.019217 0.295868
1 0.502398 0.326879 0.655436 0.020091 0.295868
1 0.502471 0.369817 0.658131 0.020964 0.295868
1 0.502341 0.416400 0.655436 0.020091 0.295868
1 0.502181 0.461316 0.653639 0.020648 0.295868
1 0.498557 0.505800 0.655436 0.020964 0.295868
1 0.497753 0.542773 0.653132 0.020091 0.295868
1 0.498063 0.589380 0.653409 0.020091 0.295868
1 0.498942 0.623530 0.655885 0.019868 0.295868
1 0.498144 0.669351 0.658638 0.019013 0.295868
1 0.497499 0.722028 0.657233 0.020964 0.295868
1 0.496666 0.761462 0.654987 0.020091 0.295868
1 0.495607 0.807196 0.655885 0.021838 0.295868
1 0.495992 0.849349 0.653639 0.017767 0.295868
1 0.500529 0.889918 0.652910 0.016461 0.295868
1 0.500000 0.929630 0.656085 0.015226 0.295868
1 0.496825 0.978447 0.643386 0.020679 0.295868
