1 0.501057 0.214398 0.656783 0.020528 0.877600
1 0.500309 0.257898 0.656105 0.020425 0.877600
1 0.500122 0.301635 0.655436 0.020091 0.877600
1 0.502745 0.342175 0.654308 0.018344 0.877600
1 0.500290 0.382609 0.657682 0.020091 0.877600
1 0.499963 0.426159 0.656220 0.017470 0.877600
1 0.498672 0.474353 0.655436 0.019217 0.877600
1 0.499224 0.518237 0.655436 0.020091 0.877600
1 0.502471 0.563233 0.658131 0.020964 0.877600
1 0.500225 0.599528 0.655436 0.020091 0.877600
1 0.499007 0.644443 0.653639 0.020648 0.877600
1 0.499616 0.688927 0.655436 0.020964 0.877600
1 0.497753 0.730016 0.653132 0.020091 0.877600
1 0.501238 0.774565 0.653409 0.020091 0.877600
1 0.500000 0.814888 0.655885 0.019868 0.877600
1 0.501319 0.862766 0.658638 0.019013 0.877600
1 0.501732 0.903098 0.657233 0.020964 0.877600
1 0.500898 0.950969 0.654987 0.020091 0.877600
0 0.504073 0.987031 0.655885 0.021838 0.877600
1 0.499166 0.042764 0.653639 0.017767 0.877600
1 0.502646 0.088580 0.652910 0.016461 0.877600
1 0.501587 0.128807 0.657143 0.018519 0.877600
1 0.500529 0.169033 0.652910 0.016461 0.877600
