1 0.500309 0.029503 0.656105 0.020425 0.307190
1 0.501180 0.075298 0.655436 0.020091 0.307190
1 0.500629 0.119953 0.654308 0.018344 0.307190
1 0.501348 0.156272 0.657682 0.020091 0.307190
1 0.499963 0.201879 0.656220 0.017470 0.307190
1 0.503963 0.248016 0.655436 0.019217 0.307190
1 0.502398 0.291900 0.655436 0.020091 0.307190
1 0.502471 0.332780 0.658131 0.020964 0.307190
1 0.501283 0.371133 0.655436 0.020091 0.307190
1 0.496890 0.420163 0.653639 0.020648 0.307190
1 0.498557 0.464648 0.655436 0.020964 0.307190
1 0.498811 0.507794 0.653132 0.020091 0.307190
1 0.498063 0.548228 0.653409 0.020091 0.307190
1 0.498942 0.590608 0.655885 0.019868 0.307190
1 0.498144 0.630256 0.658638 0.019013 0.307190
1 0.497499 0.676761 0.657233 0.020964 0.307190
1 0.496666 0.722368 0.654987 0.020091 0.307190
1 0.495607 0.763986 0.655885 0.021838 0.307190
1 0.495992 0.806139 0.653639 0.017767 0.307190
1 0.499471 0.850823 0.652910 0.016461 0.307190
1 0.500000 0.890535 0.656085 0.015226 0.307190
1 0.499471 0.935185 0.657143 0.024691 0.307190
1 0.500000 0.983539 0.656085 0.018519 0.307190
