1 0.499999 0.306991 0.656783 0.020528 0.977124
1 0.499251 0.344318 0.656105 0.020425 0.977124
1 0.496948 0.392170 0.655436 0.020091 0.977124
1 0.498512 0.428595 0.654308 0.018344 0.977124
1 0.497115 0.473144 0.657682 0.020091 0.977124
1 0.498904 0.516694 0.656220 0.017470 0.977124
1 0.496556 0.558715 0.655436 0.019217 0.977124
1 0.496049 0.606715 0.655436 0.020091 0.977124
1 0.498238 0.649653 0.658131 0.020964 0.977124
1 0.501283 0.692120 0.655436 0.020091 0.977124
1 0.499007 0.734978 0.653639 0.020648 0.977124
1 0.501732 0.775347 0.655436 0.020964 0.977124
1 0.497753 0.818493 0.653132 0.020091 0.977124
1 0.499121 0.863043 0.653409 0.020091 0.977124
1 0.500000 0.905423 0.655885 0.019868 0.977124
1 0.503435 0.945071 0.658638 0.019013 0.977124
1 0.502790 0.990032 0.657233 0.020964 0.977124
1 0.498782 0.046133 0.654987 0.020091 0.977124
1 0.499840 0.088369 0.655885 0.021838 0.977124
1 0.499166 0.135357 0.653639 0.017767 0.977124
1 0.498413 0.175000 0.652910 0.016461 0.977124
1 0.499471 0.221399 0.657143 0.018519 0.977124
1 0.500529 0.259568 0.652910 0.016461 0.977124
