0 0.501847 0.015840 0.655206 0.018985 0.270423
1 0.501957 0.061724 0.656783 0.020528 0.270423
1 0.502426 0.101520 0.656105 0.020425 0.270423
1 0.499064 0.143199 0.655436 0.020091 0.270423
1 0.496396 0.185797 0.654308 0.018344 0.270423
1 0.500290 0.230346 0.657682 0.020091 0.270423
1 0.505254 0.271838 0.656220 0.017470 0.270423
1 0.499730 0.317975 0.655436 0.019217 0.270423
1 0.502398 0.357744 0.655436 0.020091 0.270423
1 0.501413 0.400681 0.658131 0.020964 0.270423
1 0.500225 0.445207 0.655436 0.020091 0.270423
1 0.501123 0.490122 0.653639 0.020648 0.270423
1 0.500674 0.532549 0.655436 0.020964 0.270423
1 0.497753 0.573637 0.653132 0.020091 0.270423
1 0.501238 0.620244 0.653409 0.020091 0.270423
1 0.497884 0.666740 0.655885 0.019868 0.270423
1 0.499203 0.710503 0.658638 0.019013 0.270423
1 0.497499 0.748777 0.657233 0.020964 0.270423
1 0.494549 0.796442 0.654987 0.020091 0.270423
1 0.496666 0.842175 0.655885 0.021838 0.270423
1 0.494934 0.886386 0.653639 0.017767 0.270423
1 0.496296 0.922840 0.652910 0.016461 0.270423
1 0.498413 0.966255 0.657143 0.018519 0.270423
