1 0.497884 0.166667 0.656085 0.018519 0.802816
1 0.498942 0.204733 0.649735 0.016461 0.802816
1 0.498413 0.248971 0.652910 0.018519 0.802816
1 0.501058 0.290123 0.653968 0.018519 0.802816
1 0.498413 0.333333 0.652910 0.018519 0.802816
1 0.497884 0.378601 0.649735 0.018519 0.802816
1 0.500000 0.420782 0.649735 0.020576 0.802816
1 0.498413 0.462963 0.652910 0.018519 0.802816
1 0.498942 0.508230 0.651852 0.018519 0.802816
1 0.502646 0.549383 0.650794 0.018519 0.802816
1 0.501587 0.594650 0.652910 0.018519 0.802816
1 0.500000 0.643004 0.649735 0.024691 0.802816
1 0.503175 0.686214 0.651852 0.024691 0.802816
1 0.503175 0.725309 0.651852 0.020576 0.802816
1 0.502646 0.808642 0.646561 0.018519 0.802816
1 0.502116 0.766461 0.656085 0.024691 0.802816
1 0.502646 0.856996 0.652910 0.020576 0.802816
1 0.504762 0.905350 0.652910 0.018519 0.802816
1 0.502116 0.942387 0.653968 0.018519 0.802816
1 0.507937 0.989712 0.655026 0.016461 0.802816
1 0.494180 0.038272 0.650794 0.020576 0.802816
1 0.495767 0.123457 0.653968 0.026749 0.802816
1 0.494709 0.082716 0.649735 0.020576 0.802816
