1 0.501057 0.224687 0.656783 0.020528 0.962418
1 0.501368 0.268186 0.656105 0.020425 0.962418
1 0.499064 0.309866 0.655436 0.020091 0.962418
1 0.498512 0.350406 0.654308 0.018344 0.962418
1 0.498173 0.394955 0.657682 0.020091 0.962418
1 0.497846 0.440562 0.656220 0.017470 0.962418
1 0.496556 0.480526 0.655436 0.019217 0.962418
1 0.498166 0.522353 0.655436 0.020091 0.962418
1 0.496122 0.565290 0.658131 0.020964 0.962418
1 0.494934 0.605700 0.655436 0.020091 0.962418
1 0.499007 0.648558 0.653639 0.020648 0.962418
1 0.496441 0.697158 0.655436 0.020964 0.962418
1 0.497753 0.740304 0.653132 0.020091 0.962418
1 0.499121 0.784853 0.653409 0.020091 0.962418
1 0.497884 0.827233 0.655885 0.019868 0.962418
1 0.501319 0.870997 0.658638 0.019013 0.962418
1 0.499616 0.913386 0.657233 0.020964 0.962418
1 0.501957 0.955084 0.654987 0.020091 0.962418
1 0.500898 0.011723 0.655885 0.021838 0.962418
1 0.502341 0.055110 0.653639 0.017767 0.962418
1 0.496296 0.092695 0.652910 0.016461 0.962418
1 0.500529 0.137037 0.657143 0.018519 0.962418
1 0.499471 0.183436 0.652910 0.016461 0.962418
