1 0.498782 0.953082 0.656783 0.020528 0.661773
0 0.496077 0.990408 0.656105 0.020425 0.661773
1 0.498006 0.042376 0.655436 0.020091 0.661773
1 0.495338 0.082916 0.654308 0.018344 0.661773
1 0.498173 0.127465 0.657682 0.020091 0.661773
1 0.498904 0.171015 0.656220 0.017470 0.661773
1 0.498672 0.213036 0.655436 0.019217 0.661773
1 0.498166 0.254863 0.655436 0.020091 0.661773
1 0.500354 0.299858 0.658131 0.020964 0.661773
1 0.498108 0.348499 0.655436 0.020091 0.661773
1 0.499007 0.389299 0.653639 0.020648 0.661773
1 0.497499 0.433783 0.655436 0.020964 0.661773
1 0.499869 0.476929 0.653132 0.020091 0.661773
1 0.498063 0.515306 0.653409 0.020091 0.661773
1 0.497884 0.559744 0.655885 0.019868 0.661773
1 0.496028 0.603507 0.658638 0.019013 0.661773
1 0.497499 0.650012 0.657233 0.020964 0.661773
1 0.496666 0.693561 0.654987 0.020091 0.661773
1 0.496666 0.737237 0.655885 0.021838 0.661773
1 0.495992 0.777332 0.653639 0.017767 0.661773
1 0.496296 0.824074 0.652910 0.016461 0.661773
1 0.495238 0.867490 0.657143 0.018519 0.661773
1 0.496296 0.907716 0.652910 0.016461 0.661773
