1 0.502115 0.074481 0.656783 0.020528 0.588235
1 0.501368 0.109750 0.656105 0.020425 0.588235
1 0.501180 0.157602 0.655436 0.020091 0.588235
1 0.503803 0.196085 0.654308 0.018344 0.588235
1 0.504522 0.240634 0.657682 0.020091 0.588235
1 0.502079 0.284184 0.656220 0.017470 0.588235
1 0.501847 0.328263 0.655436 0.019217 0.588235
1 0.502398 0.368032 0.655436 0.020091 0.588235
1 0.504587 0.415085 0.658131 0.020964 0.588235
1 0.503399 0.459610 0.655436 0.020091 0.588235
1 0.497948 0.500410 0.653639 0.020648 0.588235
1 0.500674 0.544895 0.655436 0.020964 0.588235
1 0.498811 0.585983 0.653132 0.020091 0.588235
1 0.505471 0.628475 0.653409 0.020091 0.588235
1 0.500000 0.666740 0.655885 0.019868 0.588235
1 0.501319 0.716676 0.658638 0.019013 0.588235
1 0.499616 0.757008 0.657233 0.020964 0.588235
1 0.501957 0.804672 0.654987 0.020091 0.588235
1 0.503015 0.842175 0.655885 0.021838 0.588235
1 0.501283 0.886386 0.653639 0.017767 0.588235
1 0.498413 0.931070 0.652910 0.016461 0.588235
1 0.502646 0.974486 0.657143 0.018519 0.588235
1 0.500529 0.031173 0.652910 0.016461 0.588235
