1 0.503174 0.304933 0.656783 0.020528 0.943355
1 0.500309 0.344318 0.656105 0.020425 0.943355
1 0.502239 0.385997 0.655436 0.020091 0.943355
1 0.503803 0.432710 0.654308 0.018344 0.943355
1 0.503464 0.469029 0.657682 0.020091 0.943355
1 0.498904 0.516694 0.656220 0.017470 0.943355
1 0.499730 0.562831 0.655436 0.019217 0.943355
1 0.500282 0.604657 0.655436 0.020091 0.943355
1 0.502471 0.643480 0.658131 0.020964 0.943355
1 0.499166 0.683890 0.655436 0.020091 0.943355
1 0.499007 0.728805 0.653639 0.020648 0.943355
1 0.500674 0.773290 0.655436 0.020964 0.943355
1 0.501985 0.814378 0.653132 0.020091 0.943355
1 0.500180 0.858927 0.653409 0.020091 0.943355
1 0.500000 0.901307 0.655885 0.019868 0.943355
1 0.503435 0.943013 0.658638 0.019013 0.943355
1 0.499840 0.040886 0.654987 0.020091 0.943355
1 0.500898 0.083739 0.655885 0.021838 0.943355
1 0.497050 0.131242 0.653639 0.017767 0.943355
1 0.499471 0.172942 0.652910 0.016461 0.943355
1 0.501587 0.213169 0.657143 0.018519 0.943355
1 0.503704 0.255453 0.652910 0.016461 0.943355
1 0.500529 0.992490 0.657143 0.016461 0.943355
