1 0.504232 0.204110 0.656783 0.020528 0.905322
1 0.505600 0.239380 0.656105 0.020425 0.905322
1 0.500122 0.283117 0.655436 0.020091 0.905322
1 0.504862 0.327772 0.654308 0.018344 0.905322
1 0.500290 0.374379 0.657682 0.020091 0.905322
1 0.506312 0.415871 0.656220 0.017470 0.905322
1 0.501847 0.459950 0.655436 0.019217 0.905322
1 0.502398 0.501777 0.655436 0.020091 0.905322
1 0.502471 0.544714 0.658131 0.020964 0.905322
1 0.500225 0.585124 0.655436 0.020091 0.905322
1 0.503239 0.632098 0.653639 0.020648 0.905322
1 0.504907 0.672467 0.655436 0.020964 0.905322
1 0.503044 0.719728 0.653132 0.020091 0.905322
1 0.504412 0.760162 0.653409 0.020091 0.905322
1 0.504233 0.798427 0.655885 0.019868 0.905322
1 0.503435 0.848363 0.658638 0.019013 0.905322
1 0.502790 0.892810 0.657233 0.020964 0.905322
1 0.503015 0.935125 0.654987 0.020091 0.905322
1 0.499166 0.030419 0.653639 0.017767 0.905322
1 0.501587 0.074177 0.652910 0.016461 0.905322
1 0.503704 0.110288 0.657143 0.018519 0.905322
1 0.500529 0.160802 0.652910 0.016461 0.905322
1 0.504233 0.974383 0.651852 0.022634 0.905322
