1 0.501057 0.208226 0.656783 0.020528 0.901273
1 0.497135 0.247610 0.656105 0.020425 0.901273
1 0.496948 0.289289 0.655436 0.020091 0.901273
1 0.502745 0.333945 0.654308 0.018344 0.901273
1 0.500290 0.376436 0.657682 0.020091 0.901273
1 0.501021 0.419986 0.656220 0.017470 0.901273
1 0.502905 0.462008 0.655436 0.019217 0.901273
1 0.500282 0.503834 0.655436 0.020091 0.901273
1 0.503529 0.548829 0.658131 0.020964 0.901273
1 0.502341 0.593355 0.655436 0.020091 0.901273
1 0.500065 0.632098 0.653639 0.020648 0.901273
1 0.499616 0.678639 0.655436 0.020964 0.901273
1 0.500927 0.723843 0.653132 0.020091 0.901273
1 0.500180 0.764277 0.653409 0.020091 0.901273
1 0.502116 0.808715 0.655885 0.019868 0.901273
1 0.505552 0.850421 0.658638 0.019013 0.901273
1 0.505965 0.890752 0.657233 0.020964 0.901273
1 0.504073 0.935125 0.654987 0.020091 0.901273
1 0.498108 0.034534 0.653639 0.017767 0.901273
1 0.499471 0.078292 0.652910 0.016461 0.901273
1 0.503704 0.120576 0.657143 0.018519 0.901273
1 0.502646 0.164918 0.652910 0.016461 0.901273
1 0.504233 0.980658 0.651852 0.022634 0.901273
