1 0.498942 0.043210 0.656085 0.018519 0.402628
1 0.500000 0.083333 0.649735 0.016461 0.402628
1 0.500529 0.129630 0.652910 0.018519 0.402628
1 0.498942 0.170782 0.653968 0.018519 0.402628
1 0.498413 0.211934 0.652910 0.018519 0.402628
1 0.496825 0.257202 0.649735 0.018519 0.402628
1 0.497884 0.299383 0.649735 0.020576 0.402628
1 0.501587 0.343621 0.652910 0.018519 0.402628
1 0.497884 0.380658 0.651852 0.018519 0.402628
1 0.496296 0.430041 0.650794 0.018519 0.402628
1 0.500529 0.471193 0.652910 0.018519 0.402628
1 0.498942 0.513374 0.649735 0.024691 0.402628
1 0.496825 0.558642 0.651852 0.024691 0.402628
1 0.501058 0.601852 0.651852 0.020576 0.402628
1 0.497354 0.644033 0.646561 0.018519 0.402628
1 0.495767 0.687243 0.656085 0.014403 0.402628
1 0.497354 0.733539 0.652910 0.020576 0.402628
1 0.496296 0.773663 0.652910 0.018519 0.402628
1 0.498942 0.814815 0.653968 0.018519 0.402628
1 0.499471 0.859053 0.655026 0.016461 0.402628
1 0.497354 0.904321 0.650794 0.020576 0.402628
1 0.501587 0.948560 0.657143 0.026749 0.402628
1 0.501587 0.987654 0.652910 0.018519 0.402628
