1 0.498942 0.076132 0.656085 0.018519 0.787548
1 0.495767 0.118313 0.649735 0.016461 0.787548
1 0.494180 0.160494 0.652910 0.018519 0.787548
1 0.500000 0.207819 0.653968 0.018519 0.787548
1 0.497354 0.244856 0.652910 0.018519 0.787548
1 0.497884 0.290123 0.649735 0.018519 0.787548
1 0.496825 0.330247 0.649735 0.020576 0.787548
1 0.497354 0.378601 0.652910 0.018519 0.787548
1 0.496825 0.419753 0.651852 0.018519 0.787548
1 0.497354 0.460905 0.650794 0.018519 0.787548
1 0.493122 0.506173 0.652910 0.018519 0.787548
1 0.497884 0.548354 0.649735 0.024691 0.787548
1 0.495767 0.595679 0.651852 0.024691 0.787548
1 0.496825 0.634774 0.651852 0.020576 0.787548
1 0.496296 0.679012 0.646561 0.018519 0.787548
1 0.497884 0.720165 0.656085 0.014403 0.787548
1 0.493122 0.766461 0.652910 0.020576 0.787548
1 0.497354 0.810700 0.652910 0.018519 0.787548
1 0.497884 0.855967 0.653968 0.018519 0.787548
1 0.497354 0.896091 0.655026 0.016461 0.787548
1 0.493122 0.941358 0.650794 0.020576 0.787548
1 0.495767 0.028807 0.653968 0.026749 0.787548
1 0.495767 0.982305 0.649735 0.020576 0.787548
