1 0.494708 0.290530 0.656783 0.020528 0.840758
1 0.497135 0.329915 0.656105 0.020425 0.840758
1 0.494831 0.375709 0.655436 0.020091 0.840758
1 0.496396 0.420365 0.654308 0.018344 0.840758
1 0.498173 0.464914 0.657682 0.020091 0.840758
1 0.498904 0.504348 0.656220 0.017470 0.840758
1 0.496556 0.548427 0.655436 0.019217 0.840758
1 0.498166 0.594369 0.655436 0.020091 0.840758
1 0.501413 0.639364 0.658131 0.020964 0.840758
1 0.494934 0.677717 0.655436 0.020091 0.840758
1 0.494774 0.724690 0.653639 0.020648 0.840758
1 0.497499 0.765059 0.655436 0.020964 0.840758
1 0.494578 0.806148 0.653132 0.020091 0.840758
1 0.490656 0.852754 0.653409 0.020091 0.840758
1 0.497884 0.893077 0.655885 0.019868 0.840758
1 0.498144 0.938898 0.658638 0.019013 0.840758
1 0.501732 0.983345 0.657233 0.020964 0.840758
1 0.499840 0.031216 0.654987 0.020091 0.840758
1 0.499840 0.073451 0.655885 0.021838 0.840758
1 0.494934 0.116838 0.653639 0.017767 0.840758
1 0.496296 0.162654 0.652910 0.016461 0.840758
1 0.499471 0.206996 0.657143 0.018519 0.840758
1 0.496296 0.253395 0.652910 0.016461 0.840758
