1 0.498942 0.106996 0.656085 0.018519 0.933007
1 0.495767 0.151235 0.649735 0.016461 0.933007
1 0.493122 0.189300 0.652910 0.018519 0.933007
1 0.493651 0.234568 0.653968 0.018519 0.933007
1 0.498413 0.279835 0.652910 0.018519 0.933007
1 0.494709 0.318930 0.649735 0.018519 0.933007
1 0.495767 0.365226 0.649735 0.020576 0.933007
1 0.494180 0.405350 0.652910 0.018519 0.933007
1 0.496825 0.448560 0.651852 0.018519 0.933007
1 0.494180 0.487654 0.650794 0.018519 0.933007
1 0.497354 0.539095 0.652910 0.018519 0.933007
1 0.493651 0.581276 0.649735 0.024691 0.933007
1 0.500000 0.624486 0.651852 0.024691 0.933007
1 0.497884 0.667695 0.651852 0.020576 0.933007
1 0.496296 0.703704 0.646561 0.018519 0.933007
1 0.501058 0.751029 0.656085 0.014403 0.933007
1 0.495238 0.793210 0.652910 0.020576 0.933007
1 0.497354 0.833333 0.652910 0.018519 0.933007
1 0.497884 0.878601 0.653968 0.018519 0.933007
1 0.501587 0.922840 0.655026 0.016461 0.933007
1 0.496296 0.965021 0.655026 0.022634 0.933007
1 0.500529 0.064815 0.657143 0.016461 0.933007
1 0.497884 0.015226 0.649735 0.020576 0.933007
