1 0.498941 0.241147 0.656783 0.020528 0.938225
1 0.497135 0.286705 0.656105 0.020425 0.938225
1 0.502239 0.328384 0.655436 0.020091 0.938225
1 0.501687 0.377155 0.654308 0.018344 0.938225
1 0.503464 0.413473 0.657682 0.020091 0.938225
1 0.501021 0.459081 0.656220 0.017470 0.938225
1 0.499730 0.505218 0.655436 0.019217 0.938225
1 0.499224 0.547044 0.655436 0.020091 0.938225
1 0.498238 0.592039 0.658131 0.020964 0.938225
1 0.503399 0.634507 0.655436 0.020091 0.938225
1 0.502181 0.675307 0.653639 0.020648 0.938225
1 0.499616 0.715676 0.655436 0.020964 0.938225
1 0.496694 0.760880 0.653132 0.020091 0.938225
1 0.497005 0.807487 0.653409 0.020091 0.938225
1 0.501058 0.847810 0.655885 0.019868 0.938225
1 0.501319 0.889515 0.658638 0.019013 0.938225
1 0.499616 0.933962 0.657233 0.020964 0.938225
1 0.499840 0.977718 0.654987 0.020091 0.938225
1 0.495607 0.026126 0.655885 0.021838 0.938225
1 0.499166 0.071571 0.653639 0.017767 0.938225
1 0.495238 0.115329 0.652910 0.016461 0.938225
1 0.499471 0.161728 0.657143 0.018519 0.938225
1 0.495238 0.206070 0.652910 0.016461 0.938225
