1 0.502426 0.041849 0.656105 0.020425 0.300654
1 0.498006 0.081470 0.655436 0.020091 0.300654
1 0.500629 0.122011 0.654308 0.018344 0.300654
1 0.499231 0.166560 0.657682 0.020091 0.300654
1 0.499963 0.208052 0.656220 0.017470 0.300654
1 0.501847 0.254189 0.655436 0.019217 0.300654
1 0.502398 0.296015 0.655436 0.020091 0.300654
1 0.502471 0.343068 0.658131 0.020964 0.300654
1 0.501283 0.387593 0.655436 0.020091 0.300654
1 0.496890 0.428394 0.653639 0.020648 0.300654
1 0.498557 0.470820 0.655436 0.020964 0.300654
1 0.498811 0.507794 0.653132 0.020091 0.300654
1 0.498063 0.556458 0.653409 0.020091 0.300654
1 0.498942 0.600896 0.655885 0.019868 0.300654
1 0.498144 0.642602 0.658638 0.019013 0.300654
1 0.497499 0.691164 0.657233 0.020964 0.300654
1 0.496666 0.730598 0.654987 0.020091 0.300654
1 0.495607 0.776332 0.655885 0.021838 0.300654
1 0.495992 0.814369 0.653639 0.017767 0.300654
1 0.499471 0.861111 0.652910 0.016461 0.300654
1 0.502116 0.902881 0.656085 0.015226 0.300654
1 0.494709 0.947582 0.643386 0.020679 0.300654
0 0.497354 0.986626 0.648677 0.012346 0.300654
