1 0.502115 0.243205 0.656783 0.020528 0.490196
1 0.501368 0.286705 0.656105 0.020425 0.490196
1 0.501180 0.330442 0.655436 0.020091 0.490196
1 0.498512 0.373039 0.654308 0.018344 0.490196
1 0.501348 0.419646 0.657682 0.020091 0.490196
1 0.501021 0.459081 0.656220 0.017470 0.490196
1 0.502905 0.507275 0.655436 0.019217 0.490196
1 0.503457 0.547044 0.655436 0.020091 0.490196
1 0.502471 0.589982 0.658131 0.020964 0.490196
1 0.500225 0.632449 0.655436 0.020091 0.490196
1 0.500065 0.677365 0.653639 0.020648 0.490196
1 0.497499 0.717734 0.655436 0.020964 0.490196
1 0.497753 0.762938 0.653132 0.020091 0.490196
1 0.500180 0.807487 0.653409 0.020091 0.490196
1 0.501058 0.847810 0.655885 0.019868 0.490196
1 0.503435 0.897746 0.658638 0.019013 0.490196
1 0.499616 0.938077 0.657233 0.020964 0.490196
1 0.498782 0.977512 0.654987 0.020091 0.490196
1 0.501957 0.033533 0.655885 0.021838 0.490196
1 0.499166 0.073629 0.653639 0.017767 0.490196
1 0.497354 0.115329 0.652910 0.016461 0.490196
1 0.501587 0.161728 0.657143 0.018519 0.490196
1 0.500529 0.199897 0.652910 0.016461 0.490196
