1 0.498942 0.092593 0.656085 0.018519 0.728821
1 0.496825 0.138889 0.649735 0.016461 0.728821
1 0.493122 0.183128 0.652910 0.018519 0.728821
1 0.493651 0.222222 0.653968 0.018519 0.728821
1 0.498413 0.263374 0.652910 0.018519 0.728821
1 0.497884 0.306584 0.649735 0.018519 0.728821
1 0.493651 0.350823 0.649735 0.020576 0.728821
1 0.493122 0.397119 0.652910 0.018519 0.728821
1 0.496825 0.444444 0.651852 0.018519 0.728821
1 0.495238 0.487654 0.650794 0.018519 0.728821
1 0.495238 0.524691 0.652910 0.018519 0.728821
1 0.494709 0.570988 0.649735 0.024691 0.728821
1 0.493651 0.616255 0.651852 0.024691 0.728821
1 0.496825 0.659465 0.651852 0.020576 0.728821
1 0.494180 0.699588 0.646561 0.018519 0.728821
1 0.498942 0.738683 0.656085 0.014403 0.728821
1 0.497354 0.784979 0.652910 0.020576 0.728821
1 0.496296 0.831276 0.652910 0.018519 0.728821
1 0.496825 0.872428 0.653968 0.018519 0.728821
1 0.500529 0.912551 0.655026 0.016461 0.728821
1 0.497354 0.959877 0.650794 0.020576 0.728821
1 0.497884 0.053498 0.653968 0.026749 0.728821
0 0.495767 0.990535 0.649735 0.020576 0.728821
