1 0.499840 0.039090 0.656783 0.020528 0.467995
1 0.501368 0.083001 0.656105 0.020425 0.467995
1 0.498006 0.130853 0.655436 0.020091 0.467995
1 0.496396 0.165221 0.654308 0.018344 0.467995
1 0.501348 0.209770 0.657682 0.020091 0.467995
1 0.503137 0.253319 0.656220 0.017470 0.467995
1 0.498672 0.301514 0.655436 0.019217 0.467995
1 0.501340 0.341283 0.655436 0.020091 0.467995
1 0.502471 0.380105 0.658131 0.020964 0.467995
1 0.500225 0.424631 0.655436 0.020091 0.467995
1 0.501123 0.467489 0.653639 0.020648 0.467995
1 0.496441 0.511973 0.655436 0.020964 0.467995
1 0.498811 0.557176 0.653132 0.020091 0.467995
1 0.498063 0.601726 0.653409 0.020091 0.467995
1 0.496825 0.644106 0.655885 0.019868 0.467995
1 0.501319 0.689927 0.658638 0.019013 0.467995
1 0.499616 0.730259 0.657233 0.020964 0.467995
1 0.498782 0.771751 0.654987 0.020091 0.467995
1 0.499840 0.819542 0.655885 0.021838 0.467995
1 0.497050 0.861694 0.653639 0.017767 0.467995
1 0.498413 0.906379 0.652910 0.016461 0.467995
1 0.498413 0.953909 0.657143 0.018519 0.467995
0 0.494180 0.992078 0.652910 0.016461 0.467995
