1 0.502115 0.212341 0.656783 0.020528 0.716366
1 0.504542 0.255841 0.656105 0.020425 0.716366
1 0.501180 0.301635 0.655436 0.020091 0.716366
1 0.502745 0.346290 0.654308 0.018344 0.716366
1 0.501348 0.392897 0.657682 0.020091 0.716366
1 0.501021 0.436447 0.656220 0.017470 0.716366
1 0.499730 0.472296 0.655436 0.019217 0.716366
1 0.500282 0.512065 0.655436 0.020091 0.716366
1 0.502471 0.555002 0.658131 0.020964 0.716366
1 0.500225 0.603643 0.655436 0.020091 0.716366
1 0.500065 0.650616 0.653639 0.020648 0.716366
1 0.499616 0.690985 0.655436 0.020964 0.716366
1 0.498811 0.727958 0.653132 0.020091 0.716366
1 0.501238 0.772508 0.653409 0.020091 0.716366
1 0.500000 0.814888 0.655885 0.019868 0.716366
1 0.501319 0.860709 0.658638 0.019013 0.716366
1 0.499616 0.903098 0.657233 0.020964 0.716366
1 0.498782 0.948705 0.654987 0.020091 0.716366
0 0.498782 0.986208 0.655885 0.021838 0.716366
1 0.497050 0.042764 0.653639 0.017767 0.716366
1 0.497354 0.082407 0.652910 0.016461 0.716366
1 0.501587 0.126749 0.657143 0.018519 0.716366
1 0.499471 0.177263 0.652910 0.016461 0.716366
