1 0.502014 0.045988 0.658466 0.019533 0.209150
1 0.500122 0.090336 0.656334 0.022275 0.209150
1 0.499730 0.131066 0.655206 0.018985 0.209150
1 0.499840 0.174892 0.656783 0.020528 0.209150
1 0.501368 0.218804 0.656105 0.020425 0.209150
1 0.499064 0.258425 0.655436 0.020091 0.209150
1 0.498512 0.303081 0.654308 0.018344 0.209150
1 0.499231 0.339399 0.657682 0.020091 0.209150
1 0.499963 0.387064 0.656220 0.017470 0.209150
1 0.498672 0.431143 0.655436 0.019217 0.209150
1 0.499224 0.470912 0.655436 0.020091 0.209150
1 0.500354 0.520023 0.658131 0.020964 0.209150
1 0.494934 0.562491 0.655436 0.020091 0.209150
1 0.499007 0.603291 0.653639 0.020648 0.209150
1 0.498557 0.647775 0.655436 0.020964 0.209150
1 0.496694 0.692979 0.653132 0.020091 0.209150
1 0.497005 0.733413 0.653409 0.020091 0.209150
1 0.497884 0.779908 0.655885 0.019868 0.209150
1 0.502377 0.821614 0.658638 0.019013 0.209150
1 0.499616 0.855773 0.657233 0.020964 0.209150
1 0.500898 0.907553 0.654987 0.020091 0.209150
1 0.500898 0.951229 0.655885 0.021838 0.209150
1 0.499166 0.991324 0.653639 0.017767 0.209150
