1 0.502115 0.195880 0.656783 0.020528 0.898521
1 0.501368 0.239380 0.656105 0.020425 0.898521
1 0.503297 0.283117 0.655436 0.020091 0.898521
1 0.501687 0.325714 0.654308 0.018344 0.898521
1 0.500290 0.364091 0.657682 0.020091 0.898521
1 0.501021 0.409698 0.656220 0.017470 0.898521
1 0.497614 0.455835 0.655436 0.019217 0.898521
1 0.498166 0.497661 0.655436 0.020091 0.898521
1 0.500354 0.542657 0.658131 0.020964 0.898521
1 0.500225 0.585124 0.655436 0.020091 0.898521
1 0.501123 0.625925 0.653639 0.020648 0.898521
1 0.501732 0.668351 0.655436 0.020964 0.898521
1 0.500927 0.707382 0.653132 0.020091 0.898521
1 0.500180 0.753989 0.653409 0.020091 0.898521
1 0.500000 0.794312 0.655885 0.019868 0.898521
1 0.501319 0.840133 0.658638 0.019013 0.898521
1 0.501732 0.882522 0.657233 0.020964 0.898521
1 0.501957 0.924837 0.654987 0.020091 0.898521
1 0.501283 0.026303 0.653639 0.017767 0.898521
1 0.502646 0.065947 0.652910 0.016461 0.898521
1 0.503704 0.108230 0.657143 0.018519 0.898521
1 0.502646 0.148457 0.652910 0.016461 0.898521
1 0.502116 0.965844 0.653968 0.020165 0.898521
