1 0.500309 0.025388 0.656105 0.020425 0.336150
1 0.503297 0.071182 0.655436 0.020091 0.336150
1 0.499571 0.119953 0.654308 0.018344 0.336150
1 0.500290 0.158329 0.657682 0.020091 0.336150
1 0.503137 0.205994 0.656220 0.017470 0.336150
1 0.505021 0.248016 0.655436 0.019217 0.336150
1 0.502398 0.287785 0.655436 0.020091 0.336150
1 0.502471 0.332780 0.658131 0.020964 0.336150
1 0.501283 0.377305 0.655436 0.020091 0.336150
1 0.501123 0.416048 0.653639 0.020648 0.336150
1 0.499616 0.464648 0.655436 0.020964 0.336150
1 0.499869 0.507794 0.653132 0.020091 0.336150
1 0.500180 0.544113 0.653409 0.020091 0.336150
1 0.498942 0.586493 0.655885 0.019868 0.336150
1 0.499203 0.632314 0.658638 0.019013 0.336150
1 0.499616 0.676761 0.657233 0.020964 0.336150
1 0.498782 0.716195 0.654987 0.020091 0.336150
1 0.500898 0.761928 0.655885 0.021838 0.336150
1 0.501283 0.806139 0.653639 0.017767 0.336150
1 0.500529 0.854938 0.652910 0.016461 0.336150
1 0.501058 0.892593 0.656085 0.015226 0.336150
1 0.502646 0.929012 0.657143 0.024691 0.336150
1 0.501058 0.980761 0.656085 0.014403 0.336150
