1 0.494708 0.298761 0.656783 0.020528 0.838847
1 0.497135 0.342260 0.656105 0.020425 0.838847
1 0.494831 0.385997 0.655436 0.020091 0.838847
1 0.496396 0.432710 0.654308 0.018344 0.838847
1 0.499231 0.471087 0.657682 0.020091 0.838847
1 0.501021 0.518751 0.656220 0.017470 0.838847
1 0.496556 0.558715 0.655436 0.019217 0.838847
1 0.498166 0.602600 0.655436 0.020091 0.838847
1 0.501413 0.647595 0.658131 0.020964 0.838847
1 0.493875 0.690063 0.655436 0.020091 0.838847
1 0.494774 0.734978 0.653639 0.020648 0.838847
1 0.497499 0.775347 0.655436 0.020964 0.838847
1 0.494578 0.820551 0.653132 0.020091 0.838847
1 0.492772 0.860985 0.653409 0.020091 0.838847
1 0.497884 0.905423 0.655885 0.019868 0.838847
1 0.500261 0.949186 0.658638 0.019013 0.838847
1 0.501732 0.985403 0.657233 0.020964 0.838847
1 0.499840 0.037388 0.654987 0.020091 0.838847
1 0.498782 0.085797 0.655885 0.021838 0.838847
1 0.493875 0.129184 0.653639 0.017767 0.838847
1 0.496296 0.168827 0.652910 0.016461 0.838847
1 0.499471 0.215226 0.657143 0.018519 0.838847
1 0.496296 0.253395 0.652910 0.016461 0.838847
