1 0.498941 0.263781 0.656783 0.020528 0.959150
1 0.497135 0.303166 0.656105 0.020425 0.959150
1 0.501180 0.351018 0.655436 0.020091 0.959150
1 0.497454 0.389500 0.654308 0.018344 0.959150
1 0.499231 0.431992 0.657682 0.020091 0.959150
1 0.497846 0.471426 0.656220 0.017470 0.959150
1 0.496556 0.521678 0.655436 0.019217 0.959150
1 0.497107 0.563505 0.655436 0.020091 0.959150
1 0.498238 0.606443 0.658131 0.020964 0.959150
1 0.498108 0.650968 0.655436 0.020091 0.959150
1 0.494774 0.691768 0.653639 0.020648 0.959150
1 0.497499 0.734195 0.655436 0.020964 0.959150
1 0.499869 0.773226 0.653132 0.020091 0.959150
1 0.501238 0.823948 0.653409 0.020091 0.959150
1 0.501058 0.866328 0.655885 0.019868 0.959150
1 0.501319 0.905976 0.658638 0.019013 0.959150
1 0.502790 0.950423 0.657233 0.020964 0.959150
1 0.503015 0.990578 0.654987 0.020091 0.959150
1 0.498782 0.048760 0.655885 0.021838 0.959150
1 0.498108 0.094205 0.653639 0.017767 0.959150
1 0.497354 0.131790 0.652910 0.016461 0.959150
1 0.499471 0.174074 0.657143 0.018519 0.959150
1 0.496296 0.216358 0.652910 0.016461 0.959150
