1 0.499999 0.243205 0.656783 0.020528 0.875490
1 0.501368 0.282590 0.656105 0.020425 0.875490
1 0.499064 0.326326 0.655436 0.020091 0.875490
1 0.498512 0.364809 0.654308 0.018344 0.875490
1 0.500290 0.415531 0.657682 0.020091 0.875490
1 0.497846 0.457023 0.656220 0.017470 0.875490
1 0.497614 0.501102 0.655436 0.019217 0.875490
1 0.497107 0.536756 0.655436 0.020091 0.875490
1 0.501413 0.585867 0.658131 0.020964 0.875490
1 0.500225 0.628334 0.655436 0.020091 0.875490
1 0.497948 0.669135 0.653639 0.020648 0.875490
1 0.502790 0.713619 0.655436 0.020964 0.875490
1 0.495636 0.756765 0.653132 0.020091 0.875490
1 0.498063 0.795141 0.653409 0.020091 0.875490
1 0.497884 0.841637 0.655885 0.019868 0.875490
1 0.501319 0.879227 0.658638 0.019013 0.875490
1 0.498557 0.929847 0.657233 0.020964 0.875490
1 0.499840 0.971545 0.654987 0.020091 0.875490
1 0.500898 0.030241 0.655885 0.021838 0.875490
1 0.498108 0.071571 0.653639 0.017767 0.875490
1 0.498413 0.107099 0.652910 0.016461 0.875490
1 0.500529 0.155556 0.657143 0.018519 0.875490
1 0.499471 0.193724 0.652910 0.016461 0.875490
