1 0.494709 0.141975 0.656085 0.018519 0.814002
1 0.497884 0.180041 0.649735 0.016461 0.814002
1 0.498413 0.224280 0.652910 0.018519 0.814002
1 0.500000 0.269547 0.653968 0.018519 0.814002
1 0.498413 0.314815 0.652910 0.018519 0.814002
1 0.495767 0.355967 0.649735 0.018519 0.814002
1 0.498942 0.394033 0.649735 0.020576 0.814002
1 0.501587 0.438272 0.652910 0.018519 0.814002
1 0.498942 0.483539 0.651852 0.018519 0.814002
1 0.501587 0.530864 0.650794 0.018519 0.814002
1 0.499471 0.567901 0.652910 0.018519 0.814002
1 0.500000 0.618313 0.649735 0.024691 0.814002
1 0.503175 0.659465 0.651852 0.024691 0.814002
1 0.503175 0.702675 0.651852 0.020576 0.814002
1 0.501587 0.783951 0.646561 0.018519 0.814002
1 0.502116 0.743827 0.656085 0.024691 0.814002
1 0.501587 0.832305 0.652910 0.020576 0.814002
1 0.503704 0.870370 0.652910 0.018519 0.814002
1 0.504233 0.917695 0.653968 0.018519 0.814002
1 0.504762 0.958848 0.655026 0.016461 0.814002
1 0.494180 0.017695 0.650794 0.020576 0.814002
1 0.495767 0.100823 0.653968 0.026749 0.814002
1 0.494709 0.055967 0.649735 0.020576 0.814002
