1 0.500000 0.055556 0.656085 0.018519 0.427585
1 0.498942 0.093621 0.649735 0.016461 0.427585
1 0.497354 0.137860 0.652910 0.018519 0.427585
1 0.495767 0.176955 0.653968 0.018519 0.427585
1 0.497354 0.226337 0.652910 0.018519 0.427585
1 0.495767 0.265432 0.649735 0.018519 0.427585
1 0.493651 0.311728 0.649735 0.020576 0.427585
1 0.493122 0.345679 0.652910 0.018519 0.427585
1 0.493651 0.397119 0.651852 0.018519 0.427585
1 0.496296 0.442387 0.650794 0.018519 0.427585
1 0.497354 0.481481 0.652910 0.018519 0.427585
1 0.496825 0.525720 0.649735 0.024691 0.427585
1 0.496825 0.568930 0.651852 0.024691 0.427585
1 0.495767 0.610082 0.651852 0.020576 0.427585
1 0.498942 0.650206 0.658201 0.018519 0.427585
1 0.496825 0.693416 0.653968 0.026749 0.427585
1 0.497354 0.741770 0.652910 0.020576 0.427585
1 0.496296 0.781893 0.652910 0.018519 0.427585
1 0.500000 0.829218 0.653968 0.018519 0.427585
1 0.501587 0.871399 0.655026 0.016461 0.427585
1 0.500529 0.914609 0.650794 0.020576 0.427585
1 0.498836 0.952675 0.657143 0.026749 0.427585
0 0.499471 0.020576 0.655026 0.026749 0.427585
0 0.500529 0.989712 0.655026 0.014403 0.427585
