1 0.501058 0.032922 0.656085 0.018519 0.436560
1 0.501058 0.079218 0.649735 0.016461 0.436560
1 0.499471 0.119342 0.652910 0.018519 0.436560
1 0.496825 0.158436 0.653968 0.018519 0.436560
1 0.497354 0.209877 0.652910 0.018519 0.436560
1 0.494709 0.246914 0.649735 0.018519 0.436560
1 0.493651 0.293210 0.649735 0.020576 0.436560
1 0.495238 0.339506 0.652910 0.018519 0.436560
1 0.497884 0.376543 0.651852 0.018519 0.436560
1 0.497354 0.419753 0.650794 0.018519 0.436560
1 0.498413 0.467078 0.652910 0.018519 0.436560
1 0.497884 0.509259 0.649735 0.024691 0.436560
1 0.496825 0.550412 0.651852 0.024691 0.436560
1 0.495767 0.593621 0.651852 0.020576 0.436560
1 0.498942 0.635802 0.658201 0.018519 0.436560
1 0.496825 0.683128 0.653968 0.026749 0.436560
1 0.498413 0.723251 0.652910 0.020576 0.436560
1 0.496296 0.769547 0.652910 0.018519 0.436560
1 0.501058 0.812757 0.653968 0.018519 0.436560
1 0.499471 0.848765 0.655026 0.016461 0.436560
1 0.496296 0.896091 0.650794 0.020576 0.436560
1 0.499894 0.936214 0.657143 0.026749 0.436560
1 0.497354 0.981481 0.655026 0.014403 0.436560
