1 0.493651 0.096708 0.656085 0.018519 0.757165
1 0.491534 0.136831 0.649735 0.016461 0.757165
1 0.492063 0.181070 0.652910 0.018519 0.757165
1 0.495767 0.228395 0.653968 0.018519 0.757165
1 0.492063 0.267490 0.652910 0.018519 0.757165
1 0.491534 0.310700 0.649735 0.018519 0.757165
1 0.492593 0.354938 0.649735 0.020576 0.757165
1 0.493122 0.399177 0.652910 0.018519 0.757165
1 0.491534 0.438272 0.651852 0.018519 0.757165
1 0.497354 0.485597 0.650794 0.018519 0.757165
1 0.495238 0.526749 0.652910 0.018519 0.757165
1 0.493651 0.570988 0.649735 0.024691 0.757165
1 0.496825 0.616255 0.651852 0.024691 0.757165
1 0.500000 0.657407 0.651852 0.020576 0.757165
1 0.498413 0.742798 0.646561 0.018519 0.757165
1 0.502116 0.698560 0.656085 0.024691 0.757165
1 0.501587 0.782922 0.652910 0.020576 0.757165
1 0.498413 0.831276 0.652910 0.018519 0.757165
1 0.501058 0.874486 0.653968 0.018519 0.757165
1 0.502646 0.918724 0.655026 0.016461 0.757165
1 0.500529 0.959877 0.650794 0.020576 0.757165
1 0.494709 0.057613 0.653968 0.026749 0.757165
1 0.490476 0.018930 0.649735 0.020576 0.757165
