1 0.499999 0.249378 0.656783 0.020528 0.960952
1 0.497135 0.286705 0.656105 0.020425 0.960952
1 0.501180 0.334557 0.655436 0.020091 0.960952
1 0.500629 0.377155 0.654308 0.018344 0.960952
1 0.500290 0.421704 0.657682 0.020091 0.960952
1 0.496788 0.465254 0.656220 0.017470 0.960952
1 0.496556 0.505218 0.655436 0.019217 0.960952
1 0.497107 0.549102 0.655436 0.020091 0.960952
1 0.498238 0.594097 0.658131 0.020964 0.960952
1 0.498108 0.638622 0.655436 0.020091 0.960952
1 0.496890 0.675307 0.653639 0.020648 0.960952
1 0.498557 0.719792 0.655436 0.020964 0.960952
1 0.498811 0.764995 0.653132 0.020091 0.960952
1 0.500180 0.811602 0.653409 0.020091 0.960952
1 0.500000 0.847810 0.655885 0.019868 0.960952
1 0.501319 0.897746 0.658638 0.019013 0.960952
1 0.502790 0.936020 0.657233 0.020964 0.960952
1 0.504073 0.976277 0.654987 0.020091 0.960952
1 0.498782 0.034356 0.655885 0.021838 0.960952
1 0.497050 0.073629 0.653639 0.017767 0.960952
1 0.496296 0.115329 0.652910 0.016461 0.960952
1 0.500529 0.159671 0.657143 0.018519 0.960952
1 0.496296 0.206070 0.652910 0.016461 0.960952
