1 0.500789 0.024071 0.655206 0.018985 0.448913
1 0.501957 0.065839 0.656783 0.020528 0.448913
1 0.501368 0.113865 0.656105 0.020425 0.448913
1 0.498006 0.151429 0.655436 0.020091 0.448913
1 0.496396 0.202258 0.654308 0.018344 0.448913
1 0.500290 0.244749 0.657682 0.020091 0.448913
1 0.502079 0.288299 0.656220 0.017470 0.448913
1 0.498672 0.328263 0.655436 0.019217 0.448913
1 0.501340 0.372147 0.655436 0.020091 0.448913
1 0.502471 0.417142 0.658131 0.020964 0.448913
1 0.500225 0.459610 0.655436 0.020091 0.448913
1 0.501123 0.500410 0.653639 0.020648 0.448913
1 0.498557 0.540779 0.655436 0.020964 0.448913
1 0.495636 0.583925 0.653132 0.020091 0.448913
1 0.500180 0.626417 0.653409 0.020091 0.448913
1 0.497884 0.672912 0.655885 0.019868 0.448913
1 0.499203 0.716676 0.658638 0.019013 0.448913
1 0.498557 0.757008 0.657233 0.020964 0.448913
1 0.493491 0.802615 0.654987 0.020091 0.448913
1 0.497724 0.844233 0.655885 0.021838 0.448913
1 0.498108 0.886386 0.653639 0.017767 0.448913
1 0.495238 0.929012 0.652910 0.016461 0.448913
1 0.499471 0.974486 0.657143 0.018519 0.448913
