1 0.503072 0.025412 0.658466 0.019533 0.215686
1 0.499064 0.061530 0.656334 0.022275 0.215686
1 0.499730 0.106375 0.655206 0.018985 0.215686
1 0.500898 0.148143 0.656783 0.020528 0.215686
1 0.501368 0.187939 0.656105 0.020425 0.215686
1 0.500122 0.231676 0.655436 0.020091 0.215686
1 0.498512 0.278389 0.654308 0.018344 0.215686
1 0.498173 0.318823 0.657682 0.020091 0.215686
1 0.499963 0.360315 0.656220 0.017470 0.215686
1 0.498672 0.412625 0.655436 0.019217 0.215686
1 0.499224 0.450336 0.655436 0.020091 0.215686
1 0.500354 0.493274 0.658131 0.020964 0.215686
1 0.494934 0.535742 0.655436 0.020091 0.215686
1 0.499007 0.580657 0.653639 0.020648 0.215686
1 0.498557 0.625141 0.655436 0.020964 0.215686
1 0.496694 0.664172 0.653132 0.020091 0.215686
1 0.497005 0.708722 0.653409 0.020091 0.215686
1 0.497884 0.753159 0.655885 0.019868 0.215686
1 0.501319 0.801038 0.658638 0.019013 0.215686
1 0.499616 0.835197 0.657233 0.020964 0.215686
1 0.500898 0.882862 0.654987 0.020091 0.215686
1 0.500898 0.926537 0.655885 0.021838 0.215686
1 0.500225 0.970748 0.653639 0.017767 0.215686
