1 0.502115 0.218514 0.656783 0.020528 0.715725
1 0.504542 0.262013 0.656105 0.020425 0.715725
1 0.501180 0.301635 0.655436 0.020091 0.715725
1 0.502745 0.346290 0.654308 0.018344 0.715725
1 0.501348 0.392897 0.657682 0.020091 0.715725
1 0.501021 0.436447 0.656220 0.017470 0.715725
1 0.499730 0.476411 0.655436 0.019217 0.715725
1 0.500282 0.520295 0.655436 0.020091 0.715725
1 0.502471 0.561175 0.658131 0.020964 0.715725
1 0.500225 0.603643 0.655436 0.020091 0.715725
1 0.500065 0.650616 0.653639 0.020648 0.715725
1 0.499616 0.690985 0.655436 0.020964 0.715725
1 0.498811 0.738246 0.653132 0.020091 0.715725
1 0.500180 0.784853 0.653409 0.020091 0.715725
1 0.497884 0.825176 0.655885 0.019868 0.715725
1 0.501319 0.868939 0.658638 0.019013 0.715725
1 0.499616 0.913386 0.657233 0.020964 0.715725
1 0.498782 0.952820 0.654987 0.020091 0.715725
0 0.498782 0.986208 0.655885 0.021838 0.715725
1 0.497050 0.053052 0.653639 0.017767 0.715725
1 0.497354 0.096811 0.652910 0.016461 0.715725
1 0.501587 0.137037 0.657143 0.018519 0.715725
1 0.499471 0.177263 0.652910 0.016461 0.715725
