1 0.498941 0.210283 0.656783 0.020528 0.973856
1 0.501368 0.255841 0.656105 0.020425 0.973856
1 0.495889 0.293405 0.655436 0.020091 0.973856
1 0.499571 0.338060 0.654308 0.018344 0.973856
1 0.498173 0.378494 0.657682 0.020091 0.973856
1 0.498904 0.419986 0.656220 0.017470 0.973856
1 0.497614 0.468181 0.655436 0.019217 0.973856
1 0.499224 0.507949 0.655436 0.020091 0.973856
1 0.498238 0.550887 0.658131 0.020964 0.973856
1 0.492817 0.597470 0.655436 0.020091 0.973856
1 0.494774 0.638270 0.653639 0.020648 0.973856
1 0.499616 0.678639 0.655436 0.020964 0.973856
1 0.498811 0.723843 0.653132 0.020091 0.973856
1 0.494889 0.766335 0.653409 0.020091 0.973856
1 0.501058 0.808715 0.655885 0.019868 0.973856
1 0.501319 0.854536 0.658638 0.019013 0.973856
1 0.500674 0.898983 0.657233 0.020964 0.973856
1 0.500898 0.938623 0.654987 0.020091 0.973856
1 0.500225 0.038649 0.653639 0.017767 0.973856
1 0.497354 0.082407 0.652910 0.016461 0.973856
1 0.501587 0.128807 0.657143 0.018519 0.973856
1 0.496296 0.166975 0.652910 0.016461 0.973856
1 0.498413 0.984311 0.652910 0.015947 0.973856
