1 0.497884 0.098765 0.656085 0.018519 0.746989
1 0.490476 0.140947 0.649735 0.016461 0.746989
1 0.494180 0.181070 0.652910 0.018519 0.746989
1 0.495767 0.226337 0.653968 0.018519 0.746989
1 0.497354 0.273663 0.652910 0.018519 0.746989
1 0.497884 0.312757 0.649735 0.018519 0.746989
1 0.496825 0.354938 0.649735 0.020576 0.746989
1 0.497354 0.403292 0.652910 0.018519 0.746989
1 0.496825 0.448560 0.651852 0.018519 0.746989
1 0.498413 0.485597 0.650794 0.018519 0.746989
1 0.497354 0.534979 0.652910 0.018519 0.746989
1 0.495767 0.579218 0.649735 0.024691 0.746989
1 0.494709 0.618313 0.651852 0.024691 0.746989
1 0.496825 0.657407 0.651852 0.020576 0.746989
1 0.496296 0.699588 0.646561 0.018519 0.746989
1 0.497884 0.746914 0.656085 0.014403 0.746989
1 0.497354 0.787037 0.652910 0.020576 0.746989
1 0.497354 0.835391 0.652910 0.018519 0.746989
1 0.497884 0.876543 0.653968 0.018519 0.746989
1 0.500529 0.918724 0.655026 0.016461 0.746989
1 0.495238 0.968107 0.650794 0.020576 0.746989
1 0.497884 0.055556 0.653968 0.026749 0.746989
0 0.492593 0.009979 0.649735 0.020576 0.746989
