1 0.502115 0.263781 0.656783 0.020528 0.984394
1 0.501368 0.305223 0.656105 0.020425 0.984394
1 0.496948 0.348960 0.655436 0.020091 0.984394
1 0.498512 0.393616 0.654308 0.018344 0.984394
1 0.502406 0.431992 0.657682 0.020091 0.984394
1 0.501021 0.479657 0.656220 0.017470 0.984394
1 0.498672 0.519621 0.655436 0.019217 0.984394
1 0.498166 0.561447 0.655436 0.020091 0.984394
1 0.497180 0.610558 0.658131 0.020964 0.984394
1 0.495992 0.650968 0.655436 0.020091 0.984394
1 0.500065 0.693826 0.653639 0.020648 0.984394
1 0.498557 0.736253 0.655436 0.020964 0.984394
1 0.498811 0.779399 0.653132 0.020091 0.984394
1 0.500180 0.821890 0.653409 0.020091 0.984394
1 0.500000 0.862213 0.655885 0.019868 0.984394
1 0.501319 0.908034 0.658638 0.019013 0.984394
1 0.504907 0.950423 0.657233 0.020964 0.984394
1 0.499840 0.990578 0.654987 0.020091 0.984394
1 0.500898 0.050817 0.655885 0.021838 0.984394
1 0.501283 0.090089 0.653639 0.017767 0.984394
1 0.496296 0.131790 0.652910 0.016461 0.984394
1 0.497354 0.176132 0.657143 0.018519 0.984394
1 0.499471 0.220473 0.652910 0.016461 0.984394
