1 0.498941 0.288473 0.656783 0.020528 0.977669
1 0.501368 0.327857 0.656105 0.020425 0.977669
1 0.496948 0.371594 0.655436 0.020091 0.977669
1 0.499571 0.416249 0.654308 0.018344 0.977669
1 0.501348 0.458741 0.657682 0.020091 0.977669
1 0.501021 0.498175 0.656220 0.017470 0.977669
1 0.500789 0.544312 0.655436 0.019217 0.977669
1 0.500282 0.584081 0.655436 0.020091 0.977669
1 0.502471 0.627019 0.658131 0.020964 0.977669
1 0.504457 0.669486 0.655436 0.020091 0.977669
1 0.503239 0.714402 0.653639 0.020648 0.977669
1 0.501732 0.756829 0.655436 0.020964 0.977669
1 0.501985 0.797917 0.653132 0.020091 0.977669
1 0.502296 0.846582 0.653409 0.020091 0.977669
1 0.506349 0.886904 0.655885 0.019868 0.977669
1 0.505552 0.934783 0.658638 0.019013 0.977669
1 0.502790 0.977687 0.657233 0.020964 0.977669
1 0.497724 0.029672 0.654987 0.020091 0.977669
1 0.498782 0.073965 0.655885 0.021838 0.977669
1 0.499166 0.116838 0.653639 0.017767 0.977669
1 0.498413 0.160597 0.652910 0.016461 0.977669
1 0.502646 0.200823 0.657143 0.018519 0.977669
1 0.500529 0.243107 0.652910 0.016461 0.977669
