1 0.499251 0.062425 0.656105 0.020425 0.315458
1 0.500122 0.102047 0.655436 0.020091 0.315458
1 0.499571 0.144644 0.654308 0.018344 0.315458
1 0.501348 0.191251 0.657682 0.020091 0.315458
1 0.502079 0.228628 0.656220 0.017470 0.315458
1 0.503963 0.278880 0.655436 0.019217 0.315458
1 0.502398 0.314534 0.655436 0.020091 0.315458
1 0.504587 0.357471 0.658131 0.020964 0.315458
1 0.502341 0.404054 0.655436 0.020091 0.315458
1 0.500065 0.440740 0.653639 0.020648 0.315458
1 0.498557 0.487281 0.655436 0.020964 0.315458
1 0.498811 0.530427 0.653132 0.020091 0.315458
1 0.499121 0.577034 0.653409 0.020091 0.315458
1 0.498942 0.619414 0.655885 0.019868 0.315458
1 0.498144 0.659063 0.658638 0.019013 0.315458
1 0.500674 0.703510 0.657233 0.020964 0.315458
1 0.496666 0.742944 0.654987 0.020091 0.315458
1 0.495607 0.790735 0.655885 0.021838 0.315458
1 0.499166 0.839061 0.653639 0.017767 0.315458
1 0.500529 0.879630 0.652910 0.016461 0.315458
1 0.502116 0.921399 0.656085 0.015226 0.315458
1 0.502646 0.972222 0.657143 0.024691 0.315458
1 0.500000 0.020576 0.656085 0.018519 0.315458
