1 0.499999 0.276127 0.656783 0.020528 0.978486
1 0.501368 0.319627 0.656105 0.020425 0.978486
1 0.499064 0.361306 0.655436 0.020091 0.978486
1 0.498512 0.403904 0.654308 0.018344 0.978486
1 0.499231 0.448453 0.657682 0.020091 0.978486
1 0.501021 0.492002 0.656220 0.017470 0.978486
1 0.500789 0.536082 0.655436 0.019217 0.978486
1 0.500282 0.582023 0.655436 0.020091 0.978486
1 0.500354 0.620846 0.658131 0.020964 0.978486
1 0.500225 0.667429 0.655436 0.020091 0.978486
1 0.503239 0.708229 0.653639 0.020648 0.978486
1 0.501732 0.752713 0.655436 0.020964 0.978486
1 0.498811 0.795860 0.653132 0.020091 0.978486
1 0.500180 0.836294 0.653409 0.020091 0.978486
1 0.502116 0.882789 0.655885 0.019868 0.978486
1 0.502377 0.922437 0.658638 0.019013 0.978486
1 0.501732 0.969662 0.657233 0.020964 0.978486
1 0.497724 0.021442 0.654987 0.020091 0.978486
1 0.498782 0.065735 0.655885 0.021838 0.978486
1 0.499166 0.102435 0.653639 0.017767 0.978486
1 0.497354 0.152366 0.652910 0.016461 0.978486
1 0.500529 0.192593 0.657143 0.018519 0.978486
1 0.500529 0.236934 0.652910 0.016461 0.978486
