1 0.501057 0.218514 0.656783 0.020528 0.902334
1 0.500309 0.262013 0.656105 0.020425 0.902334
1 0.499064 0.301635 0.655436 0.020091 0.902334
1 0.501687 0.348348 0.654308 0.018344 0.902334
1 0.500290 0.392897 0.657682 0.020091 0.902334
1 0.501021 0.434389 0.656220 0.017470 0.902334
1 0.502905 0.472296 0.655436 0.019217 0.902334
1 0.503457 0.516180 0.655436 0.020091 0.902334
1 0.501413 0.563233 0.658131 0.020964 0.902334
1 0.500225 0.601585 0.655436 0.020091 0.902334
1 0.500065 0.646501 0.653639 0.020648 0.902334
1 0.499616 0.688927 0.655436 0.020964 0.902334
1 0.501985 0.734131 0.653132 0.020091 0.902334
1 0.501238 0.776623 0.653409 0.020091 0.902334
1 0.502116 0.827233 0.655885 0.019868 0.902334
1 0.503435 0.868939 0.658638 0.019013 0.902334
1 0.502790 0.909271 0.657233 0.020964 0.902334
1 0.501957 0.947471 0.654987 0.020091 0.902334
1 0.498108 0.048937 0.653639 0.017767 0.902334
1 0.499471 0.094753 0.652910 0.016461 0.902334
1 0.503704 0.132922 0.657143 0.018519 0.902334
1 0.502646 0.175206 0.652910 0.016461 0.902334
1 0.502116 0.988889 0.651852 0.022634 0.902334
