1 0.494708 0.292588 0.656783 0.020528 0.850081
1 0.497135 0.336087 0.656105 0.020425 0.850081
1 0.494831 0.383940 0.655436 0.020091 0.850081
1 0.497454 0.422422 0.654308 0.018344 0.850081
1 0.499231 0.473144 0.657682 0.020091 0.850081
1 0.497846 0.512579 0.656220 0.017470 0.850081
1 0.496556 0.550485 0.655436 0.019217 0.850081
1 0.497107 0.594369 0.655436 0.020091 0.850081
1 0.499296 0.639364 0.658131 0.020964 0.850081
1 0.494934 0.679775 0.655436 0.020091 0.850081
1 0.494774 0.724690 0.653639 0.020648 0.850081
1 0.499616 0.767117 0.655436 0.020964 0.850081
1 0.495636 0.812320 0.653132 0.020091 0.850081
1 0.495947 0.852754 0.653409 0.020091 0.850081
1 0.500000 0.897192 0.655885 0.019868 0.850081
1 0.499203 0.940956 0.658638 0.019013 0.850081
1 0.500674 0.981287 0.657233 0.020964 0.850081
1 0.495607 0.037388 0.654987 0.020091 0.850081
1 0.493491 0.081681 0.655885 0.021838 0.850081
1 0.494934 0.120954 0.653639 0.017767 0.850081
1 0.496296 0.164712 0.652910 0.016461 0.850081
1 0.499471 0.213169 0.657143 0.018519 0.850081
1 0.494180 0.249280 0.652910 0.016461 0.850081
