1 0.500309 0.025388 0.656105 0.020425 0.337416
1 0.503297 0.071182 0.655436 0.020091 0.337416
1 0.499571 0.107607 0.654308 0.018344 0.337416
1 0.500290 0.158329 0.657682 0.020091 0.337416
1 0.499963 0.193649 0.656220 0.017470 0.337416
1 0.497614 0.239785 0.655436 0.019217 0.337416
1 0.502398 0.281612 0.655436 0.020091 0.337416
1 0.502471 0.324550 0.658131 0.020964 0.337416
1 0.502341 0.373190 0.655436 0.020091 0.337416
1 0.501123 0.413991 0.653639 0.020648 0.337416
1 0.499616 0.456417 0.655436 0.020964 0.337416
1 0.499869 0.497506 0.653132 0.020091 0.337416
1 0.500180 0.544113 0.653409 0.020091 0.337416
1 0.498942 0.586493 0.655885 0.019868 0.337416
1 0.499203 0.624083 0.658638 0.019013 0.337416
1 0.498557 0.672645 0.657233 0.020964 0.337416
1 0.498782 0.716195 0.654987 0.020091 0.337416
1 0.500898 0.759871 0.655885 0.021838 0.337416
1 0.501283 0.802024 0.653639 0.017767 0.337416
1 0.500529 0.844650 0.652910 0.016461 0.337416
1 0.504233 0.886420 0.656085 0.015226 0.337416
1 0.502646 0.929012 0.657143 0.024691 0.337416
1 0.504233 0.968416 0.656085 0.014403 0.337416
