1 0.501058 0.078189 0.656085 0.018519 0.925490
1 0.496825 0.120370 0.649735 0.016461 0.925490
1 0.497354 0.164609 0.652910 0.018519 0.925490
1 0.497884 0.205761 0.653968 0.018519 0.925490
1 0.499471 0.246914 0.652910 0.018519 0.925490
1 0.500000 0.286008 0.649735 0.018519 0.925490
1 0.496825 0.332305 0.649735 0.020576 0.925490
1 0.496296 0.376543 0.652910 0.018519 0.925490
1 0.500000 0.421811 0.651852 0.018519 0.925490
1 0.497354 0.462963 0.650794 0.018519 0.925490
1 0.499471 0.506173 0.652910 0.018519 0.925490
1 0.498942 0.550412 0.649735 0.024691 0.925490
1 0.500000 0.593621 0.651852 0.024691 0.925490
1 0.501058 0.632716 0.651852 0.020576 0.925490
1 0.499471 0.679012 0.646561 0.018519 0.925490
1 0.502116 0.718107 0.656085 0.014403 0.925490
1 0.498413 0.764403 0.652910 0.020576 0.925490
1 0.502646 0.802469 0.652910 0.018519 0.925490
1 0.503175 0.849794 0.653968 0.018519 0.925490
1 0.502646 0.887860 0.655026 0.016461 0.925490
1 0.501587 0.938272 0.655026 0.022634 0.925490
1 0.499471 0.036008 0.657143 0.016461 0.925490
1 0.502646 0.991409 0.657143 0.017798 0.925490
