1 0.497884 0.154321 0.656085 0.018519 0.804951
1 0.498942 0.204733 0.649735 0.016461 0.804951
1 0.498413 0.248971 0.652910 0.018519 0.804951
1 0.501058 0.290123 0.653968 0.018519 0.804951
1 0.498413 0.331276 0.652910 0.018519 0.804951
1 0.497884 0.372428 0.649735 0.018519 0.804951
1 0.500000 0.416667 0.649735 0.020576 0.804951
1 0.498413 0.458848 0.652910 0.018519 0.804951
1 0.498942 0.504115 0.651852 0.018519 0.804951
1 0.501587 0.545267 0.650794 0.018519 0.804951
1 0.500529 0.592593 0.652910 0.018519 0.804951
1 0.500000 0.630658 0.649735 0.024691 0.804951
1 0.503175 0.675926 0.651852 0.024691 0.804951
1 0.503175 0.719136 0.651852 0.020576 0.804951
1 0.502646 0.808642 0.646561 0.018519 0.804951
1 0.502116 0.762346 0.656085 0.024691 0.804951
1 0.502646 0.850823 0.652910 0.020576 0.804951
1 0.504762 0.893004 0.652910 0.018519 0.804951
1 0.502116 0.934156 0.653968 0.018519 0.804951
1 0.508995 0.975309 0.655026 0.016461 0.804951
1 0.494180 0.030041 0.650794 0.020576 0.804951
1 0.495767 0.113169 0.653968 0.026749 0.804951
1 0.494709 0.068313 0.649735 0.020576 0.804951
