1 0.501057 0.140324 0.656783 0.020528 0.562092
1 0.500309 0.177651 0.656105 0.020425 0.562092
1 0.500122 0.221388 0.655436 0.020091 0.562092
1 0.501687 0.261928 0.654308 0.018344 0.562092
1 0.502406 0.310593 0.657682 0.020091 0.562092
1 0.501021 0.354142 0.656220 0.017470 0.562092
1 0.500789 0.392049 0.655436 0.019217 0.562092
1 0.503457 0.437991 0.655436 0.020091 0.562092
1 0.503529 0.478871 0.658131 0.020964 0.562092
1 0.501283 0.531626 0.655436 0.020091 0.562092
1 0.502181 0.566254 0.653639 0.020648 0.562092
1 0.499616 0.616911 0.655436 0.020964 0.562092
1 0.498811 0.653884 0.653132 0.020091 0.562092
1 0.500180 0.700491 0.653409 0.020091 0.562092
1 0.500000 0.742871 0.655885 0.019868 0.562092
1 0.501319 0.782519 0.658638 0.019013 0.562092
1 0.499616 0.829024 0.657233 0.020964 0.562092
1 0.501957 0.870516 0.654987 0.020091 0.562092
1 0.499840 0.916249 0.655885 0.021838 0.562092
1 0.499166 0.958402 0.653639 0.017767 0.562092
0 0.500529 0.008128 0.652910 0.016461 0.562092
1 0.497354 0.058848 0.657143 0.018519 0.562092
1 0.497354 0.097016 0.652910 0.016461 0.562092
