1 0.500000 0.049383 0.656085 0.018519 0.428927
1 0.498942 0.093621 0.649735 0.016461 0.428927
1 0.497354 0.137860 0.652910 0.018519 0.428927
1 0.495767 0.176955 0.653968 0.018519 0.428927
1 0.497354 0.220165 0.652910 0.018519 0.428927
1 0.495767 0.261317 0.649735 0.018519 0.428927
1 0.493651 0.307613 0.649735 0.020576 0.428927
1 0.493122 0.345679 0.652910 0.018519 0.428927
1 0.493651 0.390947 0.651852 0.018519 0.428927
1 0.496296 0.436214 0.650794 0.018519 0.428927
1 0.497354 0.477366 0.652910 0.018519 0.428927
1 0.496825 0.517490 0.649735 0.024691 0.428927
1 0.496825 0.558642 0.651852 0.024691 0.428927
1 0.495767 0.610082 0.651852 0.020576 0.428927
1 0.498942 0.650206 0.658201 0.018519 0.428927
1 0.496825 0.693416 0.653968 0.026749 0.428927
1 0.497354 0.739712 0.652910 0.020576 0.428927
1 0.496296 0.781893 0.652910 0.018519 0.428927
1 0.501058 0.825103 0.653968 0.018519 0.428927
1 0.501587 0.863169 0.655026 0.016461 0.428927
1 0.500529 0.912551 0.650794 0.020576 0.428927
1 0.498836 0.952675 0.657143 0.026749 0.428927
0 0.500529 0.022634 0.655026 0.026749 0.428927
0 0.500529 0.989712 0.655026 0.014403 0.428927
