1 0.498941 0.296703 0.656783 0.020528 0.979303
1 0.499251 0.340203 0.656105 0.020425 0.979303
1 0.499064 0.385997 0.655436 0.020091 0.979303
1 0.500629 0.426537 0.654308 0.018344 0.979303
1 0.497115 0.466971 0.657682 0.020091 0.979303
1 0.499963 0.508463 0.656220 0.017470 0.979303
1 0.500789 0.556658 0.655436 0.019217 0.979303
1 0.500282 0.594369 0.655436 0.020091 0.979303
1 0.500354 0.637307 0.658131 0.020964 0.979303
1 0.499166 0.681832 0.655436 0.020091 0.979303
1 0.503239 0.722633 0.653639 0.020648 0.979303
1 0.500674 0.769174 0.655436 0.020964 0.979303
1 0.498811 0.812320 0.653132 0.020091 0.979303
1 0.500180 0.856870 0.653409 0.020091 0.979303
1 0.502116 0.895135 0.655885 0.019868 0.979303
1 0.502377 0.938898 0.658638 0.019013 0.979303
1 0.501732 0.990238 0.657233 0.020964 0.979303
1 0.498782 0.035845 0.654987 0.020091 0.979303
1 0.498782 0.082196 0.655885 0.021838 0.979303
1 0.500225 0.125069 0.653639 0.017767 0.979303
1 0.497354 0.166770 0.652910 0.016461 0.979303
1 0.501587 0.209053 0.657143 0.018519 0.979303
1 0.499471 0.251337 0.652910 0.016461 0.979303
