0 0.495607 0.986003 0.656783 0.020528 0.626555
1 0.503484 0.048022 0.656105 0.020425 0.626555
1 0.505413 0.087643 0.655436 0.020091 0.626555
1 0.500629 0.140529 0.654308 0.018344 0.626555
1 0.502406 0.178906 0.657682 0.020091 0.626555
1 0.503137 0.222455 0.656220 0.017470 0.626555
1 0.502905 0.260362 0.655436 0.019217 0.626555
1 0.500282 0.310419 0.655436 0.020091 0.626555
1 0.502471 0.349241 0.658131 0.020964 0.626555
1 0.501283 0.387593 0.655436 0.020091 0.626555
1 0.501123 0.432509 0.653639 0.020648 0.626555
1 0.499616 0.479051 0.655436 0.020964 0.626555
1 0.498811 0.522197 0.653132 0.020091 0.626555
1 0.498063 0.560573 0.653409 0.020091 0.626555
1 0.498942 0.605011 0.655885 0.019868 0.626555
1 0.500261 0.654947 0.658638 0.019013 0.626555
1 0.499616 0.691164 0.657233 0.020964 0.626555
1 0.501957 0.738829 0.654987 0.020091 0.626555
1 0.499840 0.788677 0.655885 0.021838 0.626555
1 0.498108 0.822600 0.653639 0.017767 0.626555
1 0.497354 0.867284 0.652910 0.016461 0.626555
1 0.497354 0.908642 0.657143 0.018519 0.626555
1 0.497354 0.957099 0.652910 0.016461 0.626555
