1 0.499251 0.074771 0.656105 0.020425 0.326797
1 0.501180 0.114392 0.655436 0.020091 0.326797
1 0.500629 0.154932 0.654308 0.018344 0.326797
1 0.501348 0.199482 0.657682 0.020091 0.326797
1 0.503137 0.240974 0.656220 0.017470 0.326797
1 0.503963 0.285053 0.655436 0.019217 0.326797
1 0.502398 0.328937 0.655436 0.020091 0.326797
1 0.504587 0.373932 0.658131 0.020964 0.326797
1 0.502341 0.414342 0.655436 0.020091 0.326797
1 0.501123 0.453085 0.653639 0.020648 0.326797
1 0.499616 0.499627 0.655436 0.020964 0.326797
1 0.498811 0.540716 0.653132 0.020091 0.326797
1 0.499121 0.583207 0.653409 0.020091 0.326797
1 0.501058 0.631760 0.655885 0.019868 0.326797
1 0.497086 0.673466 0.658638 0.019013 0.326797
1 0.501732 0.713798 0.657233 0.020964 0.326797
1 0.497724 0.753232 0.654987 0.020091 0.326797
1 0.503015 0.798965 0.655885 0.021838 0.326797
1 0.500225 0.837003 0.653639 0.017767 0.326797
1 0.500529 0.883745 0.652910 0.016461 0.326797
1 0.504233 0.927572 0.656085 0.015226 0.326797
1 0.502646 0.974280 0.657143 0.024691 0.326797
1 0.497884 0.028807 0.656085 0.018519 0.326797
