1 0.496824 0.234975 0.656783 0.020528 0.961622
1 0.497135 0.280532 0.656105 0.020425 0.961622
1 0.499064 0.322211 0.655436 0.020091 0.961622
1 0.501687 0.364809 0.654308 0.018344 0.961622
1 0.500290 0.407301 0.657682 0.020091 0.961622
1 0.496788 0.450850 0.656220 0.017470 0.961622
1 0.496556 0.492872 0.655436 0.019217 0.961622
1 0.497107 0.534698 0.655436 0.020091 0.961622
1 0.500354 0.579694 0.658131 0.020964 0.961622
1 0.498108 0.620104 0.655436 0.020091 0.961622
1 0.497948 0.665019 0.653639 0.020648 0.961622
1 0.498557 0.707446 0.655436 0.020964 0.961622
1 0.496694 0.748534 0.653132 0.020091 0.961622
1 0.495947 0.795141 0.653409 0.020091 0.961622
1 0.497884 0.837521 0.655885 0.019868 0.961622
1 0.502377 0.881285 0.658638 0.019013 0.961622
1 0.500674 0.927789 0.657233 0.020964 0.961622
1 0.499840 0.965372 0.654987 0.020091 0.961622
1 0.495607 0.019953 0.655885 0.021838 0.961622
1 0.492817 0.063341 0.653639 0.017767 0.961622
1 0.494180 0.109156 0.652910 0.016461 0.961622
1 0.498413 0.149383 0.657143 0.018519 0.961622
1 0.494180 0.189609 0.652910 0.016461 0.961622
