1 0.502116 0.072016 0.656085 0.018519 0.918895
1 0.497884 0.118313 0.649735 0.016461 0.918895
1 0.503704 0.158436 0.652910 0.018519 0.918895
1 0.503175 0.201646 0.653968 0.018519 0.918895
1 0.500529 0.246914 0.652910 0.018519 0.918895
1 0.498942 0.290123 0.649735 0.018519 0.918895
1 0.501058 0.332305 0.649735 0.020576 0.918895
1 0.502646 0.374486 0.652910 0.018519 0.918895
1 0.503175 0.415638 0.651852 0.018519 0.918895
1 0.499471 0.460905 0.650794 0.018519 0.918895
1 0.504762 0.500000 0.652910 0.018519 0.918895
1 0.498942 0.548354 0.649735 0.024691 0.918895
1 0.497884 0.591564 0.647619 0.020576 0.918895
1 0.500000 0.636831 0.651852 0.020576 0.918895
1 0.498413 0.680041 0.655026 0.012346 0.918895
1 0.498942 0.724280 0.656085 0.014403 0.918895
1 0.501587 0.766461 0.652910 0.020576 0.918895
1 0.500529 0.806584 0.652910 0.018519 0.918895
1 0.500000 0.853909 0.653968 0.018519 0.918895
1 0.499471 0.896091 0.655026 0.016461 0.918895
1 0.502646 0.937243 0.650794 0.020576 0.918895
1 0.499471 0.030864 0.648677 0.018519 0.918895
1 0.498942 0.982305 0.649735 0.020576 0.918895
