1 0.499840 0.049378 0.656783 0.020528 0.287582
1 0.502426 0.093289 0.656105 0.020425 0.287582
1 0.499064 0.134968 0.655436 0.020091 0.287582
1 0.499571 0.175509 0.654308 0.018344 0.287582
1 0.499231 0.220058 0.657682 0.020091 0.287582
1 0.498904 0.265665 0.656220 0.017470 0.287582
1 0.497614 0.309744 0.655436 0.019217 0.287582
1 0.502398 0.351571 0.655436 0.020091 0.287582
1 0.503529 0.392451 0.658131 0.020964 0.287582
1 0.501283 0.441091 0.655436 0.020091 0.287582
1 0.500065 0.481892 0.653639 0.020648 0.287582
1 0.498557 0.524318 0.655436 0.020964 0.287582
1 0.497753 0.563349 0.653132 0.020091 0.287582
1 0.499121 0.609956 0.653409 0.020091 0.287582
1 0.497884 0.658509 0.655885 0.019868 0.287582
1 0.501319 0.700215 0.658638 0.019013 0.287582
1 0.497499 0.736431 0.657233 0.020964 0.287582
1 0.496666 0.779981 0.654987 0.020091 0.287582
1 0.495607 0.825714 0.655885 0.021838 0.287582
1 0.497050 0.867867 0.653639 0.017767 0.287582
1 0.498413 0.912551 0.652910 0.016461 0.287582
1 0.498942 0.956379 0.656085 0.015226 0.287582
0 0.498942 0.021605 0.649735 0.016461 0.287582
0 0.498942 0.988735 0.643386 0.020679 0.287582
