1 0.500000 0.057613 0.656085 0.018519 0.886512
1 0.496825 0.099794 0.649735 0.016461 0.886512
1 0.497354 0.144033 0.652910 0.018519 0.886512
1 0.495767 0.187243 0.653968 0.018519 0.886512
1 0.495238 0.230453 0.652910 0.018519 0.886512
1 0.498942 0.273663 0.649735 0.018519 0.886512
1 0.497884 0.317901 0.649735 0.020576 0.886512
1 0.501587 0.362140 0.652910 0.018519 0.886512
1 0.498942 0.397119 0.651852 0.018519 0.886512
1 0.499471 0.442387 0.650794 0.018519 0.886512
1 0.499471 0.491770 0.652910 0.018519 0.886512
1 0.497884 0.536008 0.649735 0.024691 0.886512
1 0.496825 0.577160 0.651852 0.024691 0.886512
1 0.494709 0.622428 0.651852 0.020576 0.886512
1 0.497354 0.660494 0.646561 0.018519 0.886512
1 0.498942 0.705761 0.656085 0.014403 0.886512
1 0.500529 0.750000 0.652910 0.020576 0.886512
1 0.497354 0.790123 0.652910 0.018519 0.886512
1 0.498942 0.833333 0.653968 0.018519 0.886512
1 0.503704 0.873457 0.655026 0.016461 0.886512
1 0.500529 0.920782 0.650794 0.020576 0.886512
1 0.495767 0.012654 0.653968 0.026749 0.886512
1 0.503175 0.963580 0.649735 0.020576 0.886512
