1 0.499840 0.049378 0.656783 0.020528 0.462902
1 0.501368 0.093289 0.656105 0.020425 0.462902
1 0.498006 0.130853 0.655436 0.020091 0.462902
1 0.497454 0.179624 0.654308 0.018344 0.462902
1 0.501348 0.222115 0.657682 0.020091 0.462902
1 0.503137 0.263607 0.656220 0.017470 0.462902
1 0.498672 0.309744 0.655436 0.019217 0.462902
1 0.501340 0.353628 0.655436 0.020091 0.462902
1 0.502471 0.392451 0.658131 0.020964 0.462902
1 0.500225 0.441091 0.655436 0.020091 0.462902
1 0.501123 0.481892 0.653639 0.020648 0.462902
1 0.496441 0.522261 0.655436 0.020964 0.462902
1 0.498811 0.567464 0.653132 0.020091 0.462902
1 0.498063 0.616129 0.653409 0.020091 0.462902
1 0.496825 0.654394 0.655885 0.019868 0.462902
1 0.498144 0.702272 0.658638 0.019013 0.462902
1 0.499616 0.742604 0.657233 0.020964 0.462902
1 0.498782 0.784096 0.654987 0.020091 0.462902
1 0.499840 0.825714 0.655885 0.021838 0.462902
1 0.497050 0.869925 0.653639 0.017767 0.462902
1 0.498413 0.916667 0.652910 0.016461 0.462902
1 0.501587 0.953909 0.657143 0.018519 0.462902
0 0.494180 0.986626 0.652910 0.016461 0.462902
