1 0.501057 0.286415 0.656783 0.020528 0.950073
1 0.499251 0.327857 0.656105 0.020425 0.950073
1 0.500122 0.369536 0.655436 0.020091 0.950073
1 0.501687 0.412134 0.654308 0.018344 0.950073
1 0.502406 0.458741 0.657682 0.020091 0.950073
1 0.499963 0.498175 0.656220 0.017470 0.950073
1 0.499730 0.540197 0.655436 0.019217 0.950073
1 0.502398 0.586139 0.655436 0.020091 0.950073
1 0.501413 0.624961 0.658131 0.020964 0.950073
1 0.500225 0.673602 0.655436 0.020091 0.950073
1 0.501123 0.714402 0.653639 0.020648 0.950073
1 0.501732 0.756829 0.655436 0.020964 0.950073
1 0.498811 0.795860 0.653132 0.020091 0.950073
1 0.500180 0.846582 0.653409 0.020091 0.950073
1 0.501058 0.886904 0.655885 0.019868 0.950073
1 0.501319 0.928610 0.658638 0.019013 0.950073
1 0.503015 0.030598 0.654987 0.020091 0.950073
1 0.499840 0.071393 0.655885 0.021838 0.950073
1 0.499166 0.110666 0.653639 0.017767 0.950073
1 0.499471 0.156481 0.652910 0.016461 0.950073
1 0.502646 0.198765 0.657143 0.018519 0.950073
1 0.499471 0.238992 0.652910 0.016461 0.950073
1 0.498942 0.969239 0.649735 0.024691 0.950073
