1 0.496824 0.249378 0.656783 0.020528 0.973018
1 0.502426 0.296993 0.656105 0.020425 0.973018
1 0.498006 0.336614 0.655436 0.020091 0.973018
1 0.497454 0.375097 0.654308 0.018344 0.973018
1 0.497115 0.421704 0.657682 0.020091 0.973018
1 0.493613 0.465254 0.656220 0.017470 0.973018
1 0.494439 0.505218 0.655436 0.019217 0.973018
1 0.497107 0.549102 0.655436 0.020091 0.973018
1 0.497180 0.592039 0.658131 0.020964 0.973018
1 0.494934 0.640680 0.655436 0.020091 0.973018
1 0.496890 0.679423 0.653639 0.020648 0.973018
1 0.497499 0.723907 0.655436 0.020964 0.973018
1 0.501985 0.764995 0.653132 0.020091 0.973018
1 0.499121 0.807487 0.653409 0.020091 0.973018
1 0.497884 0.851925 0.655885 0.019868 0.973018
1 0.500261 0.897746 0.658638 0.019013 0.973018
1 0.502790 0.940135 0.657233 0.020964 0.973018
1 0.503015 0.979775 0.654987 0.020091 0.973018
1 0.499840 0.037134 0.655885 0.021838 0.973018
1 0.500225 0.081859 0.653639 0.017767 0.973018
1 0.498413 0.123560 0.652910 0.016461 0.973018
1 0.498413 0.161728 0.657143 0.018519 0.973018
1 0.498413 0.204012 0.652910 0.016461 0.973018
