1 0.500789 0.024071 0.655206 0.018985 0.449902
1 0.501957 0.063781 0.656783 0.020528 0.449902
1 0.501368 0.099462 0.656105 0.020425 0.449902
1 0.498006 0.147314 0.655436 0.020091 0.449902
1 0.496396 0.194027 0.654308 0.018344 0.449902
1 0.500290 0.234461 0.657682 0.020091 0.449902
1 0.502079 0.273895 0.656220 0.017470 0.449902
1 0.498672 0.317975 0.655436 0.019217 0.449902
1 0.501340 0.361859 0.655436 0.020091 0.449902
1 0.502471 0.406854 0.658131 0.020964 0.449902
1 0.500225 0.449322 0.655436 0.020091 0.449902
1 0.501123 0.492180 0.653639 0.020648 0.449902
1 0.498557 0.530491 0.655436 0.020964 0.449902
1 0.495636 0.577753 0.653132 0.020091 0.449902
1 0.500180 0.622302 0.653409 0.020091 0.449902
1 0.497884 0.662624 0.655885 0.019868 0.449902
1 0.499203 0.708445 0.658638 0.019013 0.449902
1 0.498557 0.748777 0.657233 0.020964 0.449902
1 0.493491 0.796442 0.654987 0.020091 0.449902
1 0.497724 0.833945 0.655885 0.021838 0.449902
1 0.498108 0.882271 0.653639 0.017767 0.449902
1 0.495238 0.929012 0.652910 0.016461 0.449902
1 0.499471 0.968313 0.657143 0.018519 0.449902
