1 0.502115 0.237032 0.656783 0.020528 0.984927
1 0.501368 0.282590 0.656105 0.020425 0.984927
1 0.498006 0.324269 0.655436 0.020091 0.984927
1 0.498512 0.366867 0.654308 0.018344 0.984927
1 0.497115 0.409358 0.657682 0.020091 0.984927
1 0.499963 0.450850 0.656220 0.017470 0.984927
1 0.497614 0.494929 0.655436 0.019217 0.984927
1 0.497107 0.540871 0.655436 0.020091 0.984927
1 0.496122 0.585867 0.658131 0.020964 0.984927
1 0.495992 0.626277 0.655436 0.020091 0.984927
1 0.496890 0.665019 0.653639 0.020648 0.984927
1 0.498557 0.709504 0.655436 0.020964 0.984927
1 0.497753 0.754707 0.653132 0.020091 0.984927
1 0.500180 0.797199 0.653409 0.020091 0.984927
1 0.498942 0.837521 0.655885 0.019868 0.984927
1 0.501319 0.883342 0.658638 0.019013 0.984927
1 0.501732 0.931905 0.657233 0.020964 0.984927
1 0.501957 0.969487 0.654987 0.020091 0.984927
1 0.500898 0.022011 0.655885 0.021838 0.984927
1 0.502341 0.063341 0.653639 0.017767 0.984927
1 0.496296 0.109156 0.652910 0.016461 0.984927
1 0.498413 0.155556 0.657143 0.018519 0.984927
1 0.498413 0.193724 0.652910 0.016461 0.984927
