1 0.498942 0.088477 0.656085 0.018519 0.752854
1 0.495767 0.130658 0.649735 0.016461 0.752854
1 0.494180 0.176955 0.652910 0.018519 0.752854
1 0.495767 0.222222 0.653968 0.018519 0.752854
1 0.497354 0.261317 0.652910 0.018519 0.752854
1 0.497884 0.306584 0.649735 0.018519 0.752854
1 0.496825 0.352881 0.649735 0.020576 0.752854
1 0.497354 0.395062 0.652910 0.018519 0.752854
1 0.496825 0.434156 0.651852 0.018519 0.752854
1 0.498413 0.475309 0.650794 0.018519 0.752854
1 0.497354 0.522634 0.652910 0.018519 0.752854
1 0.496825 0.564815 0.649735 0.024691 0.752854
1 0.495767 0.608025 0.651852 0.024691 0.752854
1 0.496825 0.651235 0.651852 0.020576 0.752854
1 0.496296 0.699588 0.646561 0.018519 0.752854
1 0.497884 0.738683 0.656085 0.014403 0.752854
1 0.497354 0.782922 0.652910 0.020576 0.752854
1 0.497354 0.823045 0.652910 0.018519 0.752854
1 0.497884 0.868313 0.653968 0.018519 0.752854
1 0.500529 0.912551 0.655026 0.016461 0.752854
1 0.495238 0.955761 0.650794 0.020576 0.752854
1 0.495767 0.045267 0.653968 0.026749 0.752854
0 0.495767 0.990535 0.649735 0.020576 0.752854
