1 0.496825 0.115226 0.656085 0.018519 0.765352
1 0.494709 0.159465 0.649735 0.016461 0.765352
1 0.491005 0.205761 0.652910 0.018519 0.765352
1 0.495767 0.248971 0.653968 0.018519 0.765352
1 0.495238 0.292181 0.652910 0.018519 0.765352
1 0.493651 0.329218 0.649735 0.018519 0.765352
1 0.493651 0.377572 0.649735 0.020576 0.765352
1 0.496296 0.417695 0.652910 0.018519 0.765352
1 0.497884 0.465021 0.651852 0.018519 0.765352
1 0.493122 0.504115 0.650794 0.018519 0.765352
1 0.496296 0.549383 0.652910 0.018519 0.765352
1 0.497884 0.589506 0.649735 0.024691 0.765352
1 0.495767 0.634774 0.651852 0.024691 0.765352
1 0.500000 0.684156 0.651852 0.020576 0.765352
1 0.499471 0.724280 0.646561 0.018519 0.765352
1 0.501058 0.764403 0.656085 0.024691 0.765352
1 0.501587 0.805556 0.652910 0.020576 0.765352
1 0.499471 0.853909 0.652910 0.018519 0.765352
1 0.502116 0.890947 0.653968 0.018519 0.765352
1 0.500529 0.937243 0.655026 0.016461 0.765352
1 0.500529 0.984568 0.650794 0.020576 0.765352
1 0.495767 0.067901 0.653968 0.026749 0.765352
1 0.491534 0.031276 0.649735 0.020576 0.765352
