0 0.501847 0.015840 0.655206 0.018985 0.263669
1 0.501957 0.051435 0.656783 0.020528 0.263669
1 0.502426 0.097404 0.656105 0.020425 0.263669
1 0.499064 0.143199 0.655436 0.020091 0.263669
1 0.496396 0.185797 0.654308 0.018344 0.263669
1 0.500290 0.230346 0.657682 0.020091 0.263669
1 0.505254 0.271838 0.656220 0.017470 0.263669
1 0.499730 0.317975 0.655436 0.019217 0.263669
1 0.502398 0.357744 0.655436 0.020091 0.263669
1 0.501413 0.400681 0.658131 0.020964 0.263669
1 0.500225 0.445207 0.655436 0.020091 0.263669
1 0.501123 0.479834 0.653639 0.020648 0.263669
1 0.500674 0.528434 0.655436 0.020964 0.263669
1 0.497753 0.569522 0.653132 0.020091 0.263669
1 0.501238 0.616129 0.653409 0.020091 0.263669
1 0.497884 0.654394 0.655885 0.019868 0.263669
1 0.499203 0.700215 0.658638 0.019013 0.263669
1 0.497499 0.746719 0.657233 0.020964 0.263669
1 0.499840 0.790269 0.654987 0.020091 0.263669
1 0.499840 0.831887 0.655885 0.021838 0.263669
1 0.498108 0.871982 0.653639 0.017767 0.263669
1 0.497354 0.916667 0.652910 0.016461 0.263669
1 0.498413 0.960082 0.657143 0.018519 0.263669
