1 0.498942 0.074074 0.656085 0.018519 0.915033
1 0.498942 0.118313 0.649735 0.016461 0.915033
1 0.503704 0.162551 0.652910 0.018519 0.915033
1 0.498942 0.201646 0.653968 0.018519 0.915033
1 0.499471 0.248971 0.652910 0.018519 0.915033
1 0.498942 0.290123 0.649735 0.018519 0.915033
1 0.500000 0.332305 0.649735 0.020576 0.915033
1 0.502646 0.372428 0.652910 0.018519 0.915033
1 0.504233 0.421811 0.651852 0.018519 0.915033
1 0.498413 0.458848 0.650794 0.018519 0.915033
1 0.502646 0.502058 0.652910 0.018519 0.915033
1 0.502116 0.548354 0.649735 0.024691 0.915033
1 0.498942 0.589506 0.647619 0.020576 0.915033
1 0.497884 0.636831 0.651852 0.020576 0.915033
1 0.502646 0.683128 0.646561 0.018519 0.915033
1 0.498942 0.726337 0.656085 0.014403 0.915033
1 0.500529 0.766461 0.652910 0.020576 0.915033
1 0.500529 0.808642 0.652910 0.018519 0.915033
1 0.500000 0.851852 0.653968 0.018519 0.915033
1 0.501587 0.894033 0.655026 0.016461 0.915033
1 0.499471 0.939300 0.650794 0.020576 0.915033
1 0.498413 0.028807 0.648677 0.018519 0.915033
1 0.500000 0.982305 0.649735 0.020576 0.915033
