1 0.498941 0.230859 0.656783 0.020528 0.912309
1 0.497135 0.274359 0.656105 0.020425 0.912309
1 0.498006 0.320154 0.655436 0.020091 0.912309
1 0.500629 0.360694 0.654308 0.018344 0.912309
1 0.503464 0.405243 0.657682 0.020091 0.912309
1 0.502079 0.448793 0.656220 0.017470 0.912309
1 0.499730 0.488757 0.655436 0.019217 0.912309
1 0.500282 0.534698 0.655436 0.020091 0.912309
1 0.498238 0.575578 0.658131 0.020964 0.912309
1 0.501283 0.620104 0.655436 0.020091 0.912309
1 0.501123 0.660904 0.653639 0.020648 0.912309
1 0.501732 0.707446 0.655436 0.020964 0.912309
1 0.500927 0.748534 0.653132 0.020091 0.912309
1 0.502296 0.791026 0.653409 0.020091 0.912309
1 0.502116 0.833406 0.655885 0.019868 0.912309
1 0.501319 0.873054 0.658638 0.019013 0.912309
1 0.501732 0.915444 0.657233 0.020964 0.912309
1 0.499840 0.965989 0.654987 0.020091 0.912309
1 0.500898 0.013780 0.655885 0.021838 0.912309
1 0.500225 0.061283 0.653639 0.017767 0.912309
1 0.498413 0.105041 0.652910 0.016461 0.912309
1 0.504762 0.145267 0.657143 0.018519 0.912309
1 0.496296 0.185494 0.652910 0.016461 0.912309
