1 0.496666 0.924275 0.656783 0.020528 0.669105
1 0.497135 0.969832 0.656105 0.020425 0.669105
1 0.498006 0.025915 0.655436 0.020091 0.669105
1 0.495338 0.066455 0.654308 0.018344 0.669105
1 0.498173 0.106889 0.657682 0.020091 0.669105
1 0.499963 0.152496 0.656220 0.017470 0.669105
1 0.497614 0.192460 0.655436 0.019217 0.669105
1 0.498166 0.236344 0.655436 0.020091 0.669105
1 0.500354 0.279282 0.658131 0.020964 0.669105
1 0.498108 0.317635 0.655436 0.020091 0.669105
1 0.499007 0.364608 0.653639 0.020648 0.669105
1 0.497499 0.409092 0.655436 0.020964 0.669105
1 0.495636 0.450181 0.653132 0.020091 0.669105
1 0.500180 0.494730 0.653409 0.020091 0.669105
1 0.496825 0.539168 0.655885 0.019868 0.669105
1 0.496028 0.578816 0.658638 0.019013 0.669105
1 0.496441 0.623263 0.657233 0.020964 0.669105
1 0.494549 0.664755 0.654987 0.020091 0.669105
1 0.495607 0.710488 0.655885 0.021838 0.669105
1 0.495992 0.754699 0.653639 0.017767 0.669105
1 0.496296 0.797325 0.652910 0.016461 0.669105
1 0.494180 0.838683 0.657143 0.018519 0.669105
1 0.495238 0.883025 0.652910 0.016461 0.669105
