1 0.492593 0.166667 0.656085 0.018519 0.828505
1 0.490476 0.208848 0.649735 0.016461 0.828505
1 0.493122 0.251029 0.652910 0.018519 0.828505
1 0.491534 0.296296 0.653968 0.018519 0.828505
1 0.495238 0.335391 0.652910 0.018519 0.828505
1 0.492593 0.380658 0.649735 0.018519 0.828505
1 0.493651 0.424897 0.649735 0.020576 0.828505
1 0.495238 0.467078 0.652910 0.018519 0.828505
1 0.500000 0.504115 0.651852 0.018519 0.828505
1 0.499471 0.553498 0.650794 0.018519 0.828505
1 0.500529 0.592593 0.652910 0.018519 0.828505
1 0.497884 0.638889 0.649735 0.024691 0.828505
1 0.503175 0.682099 0.651852 0.024691 0.828505
1 0.498942 0.727366 0.651852 0.020576 0.828505
1 0.498413 0.812757 0.646561 0.018519 0.828505
1 0.501058 0.770576 0.656085 0.024691 0.828505
1 0.499471 0.859053 0.652910 0.020576 0.828505
1 0.500529 0.899177 0.652910 0.018519 0.828505
1 0.503175 0.942387 0.653968 0.018519 0.828505
1 0.499471 0.982510 0.655026 0.016461 0.828505
1 0.491005 0.040329 0.650794 0.020576 0.828505
1 0.494709 0.121399 0.653968 0.026749 0.828505
1 0.494709 0.076543 0.649735 0.020576 0.828505
