1 0.502014 0.033643 0.658466 0.019533 0.198140
1 0.500122 0.080048 0.656334 0.022275 0.198140
1 0.499730 0.126951 0.655206 0.018985 0.198140
1 0.499840 0.166662 0.656783 0.020528 0.198140
1 0.501368 0.210573 0.656105 0.020425 0.198140
1 0.500122 0.252252 0.655436 0.020091 0.198140
1 0.499571 0.298965 0.654308 0.018344 0.198140
1 0.496057 0.343515 0.657682 0.020091 0.198140
1 0.501021 0.385007 0.656220 0.017470 0.198140
1 0.498672 0.424971 0.655436 0.019217 0.198140
1 0.500282 0.462682 0.655436 0.020091 0.198140
1 0.499296 0.513850 0.658131 0.020964 0.198140
1 0.497050 0.554260 0.655436 0.020091 0.198140
1 0.496890 0.599176 0.653639 0.020648 0.198140
1 0.502790 0.635430 0.655436 0.020964 0.198140
1 0.497753 0.688864 0.653132 0.020091 0.198140
1 0.495947 0.729298 0.653409 0.020091 0.198140
1 0.497884 0.773735 0.655885 0.019868 0.198140
1 0.503435 0.821614 0.658638 0.019013 0.198140
1 0.503848 0.864003 0.657233 0.020964 0.198140
1 0.500898 0.901380 0.654987 0.020091 0.198140
1 0.499840 0.945056 0.655885 0.021838 0.198140
0 0.500225 0.991838 0.653639 0.017767 0.198140
