1 0.493651 0.113169 0.656085 0.018519 0.836100
1 0.489418 0.151235 0.649735 0.016461 0.836100
1 0.491005 0.193416 0.652910 0.018519 0.836100
1 0.492593 0.244856 0.653968 0.018519 0.836100
1 0.492063 0.283951 0.652910 0.018519 0.836100
1 0.491534 0.323045 0.649735 0.018519 0.836100
1 0.491534 0.375514 0.649735 0.020576 0.836100
1 0.493122 0.417695 0.652910 0.018519 0.836100
1 0.491534 0.460905 0.651852 0.018519 0.836100
1 0.495238 0.500000 0.650794 0.018519 0.836100
1 0.497354 0.541152 0.652910 0.018519 0.836100
1 0.497884 0.587449 0.649735 0.024691 0.836100
1 0.496825 0.628601 0.651852 0.024691 0.836100
1 0.498942 0.675926 0.651852 0.020576 0.836100
1 0.498413 0.755144 0.646561 0.018519 0.836100
1 0.502116 0.717078 0.656085 0.024691 0.836100
1 0.500529 0.797325 0.652910 0.020576 0.836100
1 0.498413 0.841564 0.652910 0.018519 0.836100
1 0.501058 0.886831 0.653968 0.018519 0.836100
1 0.503704 0.926955 0.655026 0.016461 0.836100
1 0.502646 0.967593 0.650794 0.020576 0.836100
1 0.495767 0.072016 0.653968 0.026749 0.836100
0 0.495767 0.027160 0.649735 0.020576 0.836100
