1 0.501057 0.132094 0.656783 0.020528 0.557706
1 0.500309 0.177651 0.656105 0.020425 0.557706
1 0.500122 0.217273 0.655436 0.020091 0.557706
1 0.501687 0.255755 0.654308 0.018344 0.557706
1 0.502406 0.300305 0.657682 0.020091 0.557706
1 0.501021 0.341797 0.656220 0.017470 0.557706
1 0.500789 0.385876 0.655436 0.019217 0.557706
1 0.497107 0.427702 0.655436 0.020091 0.557706
1 0.501413 0.474755 0.658131 0.020964 0.557706
1 0.501283 0.519281 0.655436 0.020091 0.557706
1 0.500065 0.564196 0.653639 0.020648 0.557706
1 0.499616 0.604565 0.655436 0.020964 0.557706
1 0.498811 0.651827 0.653132 0.020091 0.557706
1 0.500180 0.694318 0.653409 0.020091 0.557706
1 0.496825 0.736698 0.655885 0.019868 0.557706
1 0.506610 0.780462 0.658638 0.019013 0.557706
1 0.499616 0.829024 0.657233 0.020964 0.557706
1 0.501957 0.870516 0.654987 0.020091 0.557706
1 0.499840 0.914192 0.655885 0.021838 0.557706
1 0.499166 0.954287 0.653639 0.017767 0.557706
0 0.497354 0.991872 0.652910 0.016461 0.557706
1 0.499471 0.042387 0.657143 0.018519 0.557706
1 0.497354 0.088786 0.652910 0.016461 0.557706
