1 0.501057 0.243205 0.656783 0.020528 0.969499
1 0.502426 0.284647 0.656105 0.020425 0.969499
1 0.498006 0.326326 0.655436 0.020091 0.969499
1 0.497454 0.368924 0.654308 0.018344 0.969499
1 0.497115 0.413473 0.657682 0.020091 0.969499
1 0.498904 0.459081 0.656220 0.017470 0.969499
1 0.496556 0.503160 0.655436 0.019217 0.969499
1 0.497107 0.542929 0.655436 0.020091 0.969499
1 0.496122 0.587924 0.658131 0.020964 0.969499
1 0.494934 0.630392 0.655436 0.020091 0.969499
1 0.496890 0.669135 0.653639 0.020648 0.969499
1 0.495383 0.711561 0.655436 0.020964 0.969499
1 0.497753 0.756765 0.653132 0.020091 0.969499
1 0.498063 0.799257 0.653409 0.020091 0.969499
1 0.497884 0.845752 0.655885 0.019868 0.969499
1 0.500261 0.889515 0.658638 0.019013 0.969499
1 0.500674 0.933962 0.657233 0.020964 0.969499
1 0.501957 0.975660 0.654987 0.020091 0.969499
1 0.500898 0.030241 0.655885 0.021838 0.969499
1 0.501283 0.071571 0.653639 0.017767 0.969499
1 0.496296 0.117387 0.652910 0.016461 0.969499
1 0.498413 0.159671 0.657143 0.018519 0.969499
1 0.498413 0.201955 0.652910 0.016461 0.969499
