1 0.498942 0.100823 0.656085 0.018519 0.726624
1 0.496825 0.138889 0.649735 0.016461 0.726624
1 0.493122 0.185185 0.652910 0.018519 0.726624
1 0.493651 0.228395 0.653968 0.018519 0.726624
1 0.497354 0.271605 0.652910 0.018519 0.726624
1 0.497884 0.312757 0.649735 0.018519 0.726624
1 0.493651 0.356996 0.649735 0.020576 0.726624
1 0.494180 0.405350 0.652910 0.018519 0.726624
1 0.496825 0.444444 0.651852 0.018519 0.726624
1 0.495238 0.487654 0.650794 0.018519 0.726624
1 0.495238 0.528807 0.652910 0.018519 0.726624
1 0.494709 0.575103 0.649735 0.024691 0.726624
1 0.493651 0.616255 0.651852 0.024691 0.726624
1 0.496825 0.659465 0.651852 0.020576 0.726624
1 0.494180 0.699588 0.646561 0.018519 0.726624
1 0.500000 0.744856 0.656085 0.014403 0.726624
1 0.498413 0.791152 0.652910 0.020576 0.726624
1 0.497354 0.835391 0.652910 0.018519 0.726624
1 0.495767 0.878601 0.653968 0.018519 0.726624
1 0.500529 0.918724 0.655026 0.016461 0.726624
1 0.497354 0.959877 0.650794 0.020576 0.726624
1 0.497884 0.053498 0.653968 0.026749 0.726624
0 0.495767 0.990535 0.649735 0.020576 0.726624
