1 0.496666 0.959254 0.656783 0.020528 0.658482
0 0.498193 0.009853 0.656105 0.020425 0.658482
1 0.498006 0.054721 0.655436 0.020091 0.658482
1 0.497454 0.097319 0.654308 0.018344 0.658482
1 0.499231 0.139811 0.657682 0.020091 0.658482
1 0.498904 0.181303 0.656220 0.017470 0.658482
1 0.498672 0.225382 0.655436 0.019217 0.658482
1 0.499224 0.263093 0.655436 0.020091 0.658482
1 0.501413 0.312204 0.658131 0.020964 0.658482
1 0.499166 0.356729 0.655436 0.020091 0.658482
1 0.500065 0.395472 0.653639 0.020648 0.658482
1 0.497499 0.435841 0.655436 0.020964 0.658482
1 0.499869 0.481045 0.653132 0.020091 0.658482
1 0.498063 0.525594 0.653409 0.020091 0.658482
1 0.496825 0.565917 0.655885 0.019868 0.658482
1 0.496028 0.613795 0.658638 0.019013 0.658482
1 0.497499 0.656184 0.657233 0.020964 0.658482
1 0.496666 0.697676 0.654987 0.020091 0.658482
1 0.496666 0.743410 0.655885 0.021838 0.658482
1 0.495992 0.785563 0.653639 0.017767 0.658482
1 0.496296 0.830247 0.652910 0.016461 0.658482
1 0.496296 0.873663 0.657143 0.018519 0.658482
1 0.496296 0.913889 0.652910 0.016461 0.658482
