1 0.503175 0.069959 0.656085 0.018519 0.915033
1 0.498942 0.108025 0.649735 0.016461 0.915033
1 0.504762 0.152263 0.652910 0.018519 0.915033
1 0.502116 0.193416 0.653968 0.018519 0.915033
1 0.501587 0.236626 0.652910 0.018519 0.915033
1 0.501058 0.281893 0.649735 0.018519 0.915033
1 0.501058 0.322016 0.649735 0.020576 0.915033
1 0.502646 0.364198 0.652910 0.018519 0.915033
1 0.502116 0.409465 0.651852 0.018519 0.915033
1 0.499471 0.452675 0.650794 0.018519 0.915033
1 0.502646 0.496914 0.659259 0.020576 0.915033
1 0.499471 0.538066 0.644444 0.020576 0.915033
1 0.498942 0.579218 0.647619 0.020576 0.915033
1 0.503175 0.626543 0.651852 0.020576 0.915033
1 0.503704 0.667695 0.659259 0.020576 0.915033
1 0.502116 0.709877 0.649735 0.018519 0.915033
1 0.501587 0.754115 0.652910 0.020576 0.915033
1 0.499471 0.796296 0.652910 0.018519 0.915033
1 0.498942 0.841564 0.653968 0.018519 0.915033
1 0.502646 0.887860 0.655026 0.016461 0.915033
1 0.497354 0.926955 0.650794 0.020576 0.915033
1 0.499471 0.024691 0.648677 0.018519 0.915033
1 0.500000 0.969959 0.649735 0.020576 0.915033
