1 0.498942 0.096708 0.656085 0.018519 0.783038
1 0.495767 0.140947 0.649735 0.016461 0.783038
1 0.494180 0.185185 0.652910 0.018519 0.783038
1 0.496825 0.226337 0.653968 0.018519 0.783038
1 0.498413 0.271605 0.652910 0.018519 0.783038
1 0.497884 0.314815 0.649735 0.018519 0.783038
1 0.496825 0.356996 0.649735 0.020576 0.783038
1 0.497354 0.399177 0.652910 0.018519 0.783038
1 0.497884 0.444444 0.651852 0.018519 0.783038
1 0.496296 0.483539 0.650794 0.018519 0.783038
1 0.496296 0.532922 0.652910 0.018519 0.783038
1 0.496825 0.573045 0.649735 0.024691 0.783038
1 0.495767 0.614198 0.651852 0.024691 0.783038
1 0.496825 0.661523 0.651852 0.020576 0.783038
1 0.496296 0.703704 0.646561 0.018519 0.783038
1 0.497884 0.748971 0.656085 0.014403 0.783038
1 0.496296 0.789095 0.652910 0.020576 0.783038
1 0.497354 0.837449 0.652910 0.018519 0.783038
1 0.496825 0.874486 0.653968 0.018519 0.783038
1 0.497354 0.924897 0.655026 0.016461 0.783038
1 0.495238 0.959877 0.650794 0.020576 0.783038
1 0.495767 0.057613 0.653968 0.026749 0.783038
0 0.496825 0.009362 0.649735 0.020576 0.783038
