1 0.494709 0.141975 0.656085 0.018519 0.813485
1 0.497884 0.184156 0.649735 0.016461 0.813485
1 0.498413 0.228395 0.652910 0.018519 0.813485
1 0.500000 0.269547 0.653968 0.018519 0.813485
1 0.498413 0.314815 0.652910 0.018519 0.813485
1 0.495767 0.355967 0.649735 0.018519 0.813485
1 0.498942 0.408436 0.649735 0.020576 0.813485
1 0.501587 0.444444 0.652910 0.018519 0.813485
1 0.498942 0.489712 0.651852 0.018519 0.813485
1 0.501587 0.530864 0.650794 0.018519 0.813485
1 0.500529 0.576132 0.652910 0.018519 0.813485
1 0.500000 0.618313 0.649735 0.024691 0.813485
1 0.503175 0.659465 0.651852 0.024691 0.813485
1 0.503175 0.702675 0.651852 0.020576 0.813485
1 0.501587 0.796296 0.646561 0.018519 0.813485
1 0.502116 0.745885 0.656085 0.024691 0.813485
1 0.501587 0.832305 0.652910 0.020576 0.813485
1 0.503704 0.876543 0.652910 0.018519 0.813485
1 0.504233 0.921811 0.653968 0.018519 0.813485
1 0.505820 0.962963 0.655026 0.016461 0.813485
1 0.494180 0.017695 0.650794 0.020576 0.813485
1 0.495767 0.100823 0.653968 0.026749 0.813485
1 0.494709 0.055967 0.649735 0.020576 0.813485
