1 0.501057 0.272012 0.656783 0.020528 0.951162
1 0.499251 0.313454 0.656105 0.020425 0.951162
1 0.501180 0.357191 0.655436 0.020091 0.951162
1 0.501687 0.399788 0.654308 0.018344 0.951162
1 0.502406 0.444338 0.657682 0.020091 0.951162
1 0.499963 0.489945 0.656220 0.017470 0.951162
1 0.498672 0.531967 0.655436 0.019217 0.951162
1 0.500282 0.575851 0.655436 0.020091 0.951162
1 0.501413 0.610558 0.658131 0.020964 0.951162
1 0.500225 0.657141 0.655436 0.020091 0.951162
1 0.501123 0.702056 0.653639 0.020648 0.951162
1 0.501732 0.742425 0.655436 0.020964 0.951162
1 0.498811 0.787629 0.653132 0.020091 0.951162
1 0.499121 0.830121 0.653409 0.020091 0.951162
1 0.500000 0.872501 0.655885 0.019868 0.951162
1 0.501319 0.918322 0.658638 0.019013 0.951162
1 0.500898 0.010022 0.654987 0.020091 0.951162
1 0.499840 0.056990 0.655885 0.021838 0.951162
1 0.498108 0.094205 0.653639 0.017767 0.951162
1 0.498413 0.140021 0.652910 0.016461 0.951162
1 0.502646 0.184362 0.657143 0.018519 0.951162
1 0.499471 0.224588 0.652910 0.016461 0.951162
1 0.497884 0.955761 0.649735 0.024691 0.951162
