1 0.497884 0.076132 0.656085 0.018519 0.393415
1 0.500000 0.122428 0.649735 0.016461 0.393415
1 0.497354 0.162551 0.652910 0.018519 0.393415
1 0.495767 0.203704 0.653968 0.018519 0.393415
1 0.498413 0.251029 0.652910 0.018519 0.393415
1 0.500000 0.290123 0.649735 0.018519 0.393415
1 0.497884 0.334362 0.649735 0.020576 0.393415
1 0.501587 0.376543 0.652910 0.018519 0.393415
1 0.497884 0.417695 0.651852 0.018519 0.393415
1 0.497354 0.458848 0.650794 0.018519 0.393415
1 0.501587 0.504115 0.652910 0.018519 0.393415
1 0.500000 0.548354 0.649735 0.024691 0.393415
1 0.497884 0.591564 0.651852 0.024691 0.393415
1 0.503175 0.634774 0.651852 0.020576 0.393415
1 0.497354 0.681070 0.646561 0.018519 0.393415
1 0.498942 0.722222 0.656085 0.014403 0.393415
1 0.498413 0.764403 0.652910 0.020576 0.393415
1 0.498413 0.808642 0.652910 0.018519 0.393415
1 0.502116 0.851852 0.653968 0.018519 0.393415
1 0.501587 0.896091 0.655026 0.016461 0.393415
1 0.500529 0.935185 0.650794 0.020576 0.393415
1 0.500529 0.981481 0.657143 0.026749 0.393415
1 0.496825 0.032922 0.653968 0.026749 0.393415
