1 0.501057 0.210283 0.656783 0.020528 0.906629
1 0.502426 0.249668 0.656105 0.020425 0.906629
1 0.500122 0.293405 0.655436 0.020091 0.906629
1 0.503803 0.336002 0.654308 0.018344 0.906629
1 0.501348 0.376436 0.657682 0.020091 0.906629
1 0.502079 0.422044 0.656220 0.017470 0.906629
1 0.497614 0.464065 0.655436 0.019217 0.906629
1 0.502398 0.510007 0.655436 0.020091 0.906629
1 0.502471 0.550887 0.658131 0.020964 0.906629
1 0.501283 0.597470 0.655436 0.020091 0.906629
1 0.500065 0.636213 0.653639 0.020648 0.906629
1 0.502790 0.678639 0.655436 0.020964 0.906629
1 0.500927 0.723843 0.653132 0.020091 0.906629
1 0.504412 0.768392 0.653409 0.020091 0.906629
1 0.504233 0.806657 0.655885 0.019868 0.906629
1 0.503435 0.854536 0.658638 0.019013 0.906629
1 0.503848 0.898983 0.657233 0.020964 0.906629
1 0.504073 0.943355 0.654987 0.020091 0.906629
1 0.502341 0.036592 0.653639 0.017767 0.906629
1 0.502646 0.082407 0.652910 0.016461 0.906629
1 0.504762 0.118519 0.657143 0.018519 0.906629
1 0.500529 0.162860 0.652910 0.016461 0.906629
1 0.504233 0.986728 0.651852 0.022634 0.906629
