1 0.499999 0.234975 0.656783 0.020528 0.983460
1 0.498193 0.278474 0.656105 0.020425 0.983460
1 0.500122 0.316038 0.655436 0.020091 0.983460
1 0.499571 0.358636 0.654308 0.018344 0.983460
1 0.501348 0.403185 0.657682 0.020091 0.983460
1 0.502079 0.446735 0.656220 0.017470 0.983460
1 0.499730 0.490814 0.655436 0.019217 0.983460
1 0.499224 0.534698 0.655436 0.020091 0.983460
1 0.500354 0.573521 0.658131 0.020964 0.983460
1 0.498108 0.618046 0.655436 0.020091 0.983460
1 0.497948 0.658847 0.653639 0.020648 0.983460
1 0.499616 0.703331 0.655436 0.020964 0.983460
1 0.497753 0.746477 0.653132 0.020091 0.983460
1 0.500180 0.791026 0.653409 0.020091 0.983460
1 0.501058 0.829291 0.655885 0.019868 0.983460
1 0.503435 0.877170 0.658638 0.019013 0.983460
1 0.502790 0.921617 0.657233 0.020964 0.983460
1 0.500898 0.963829 0.654987 0.020091 0.983460
1 0.500898 0.017895 0.655885 0.021838 0.983460
1 0.500225 0.059225 0.653639 0.017767 0.983460
1 0.496296 0.102984 0.652910 0.016461 0.983460
1 0.498413 0.145267 0.657143 0.018519 0.983460
1 0.499471 0.187551 0.652910 0.016461 0.983460
