1 0.503174 0.321394 0.656783 0.020528 0.955156
1 0.502426 0.369009 0.656105 0.020425 0.955156
1 0.500122 0.408631 0.655436 0.020091 0.955156
1 0.501687 0.449171 0.654308 0.018344 0.955156
1 0.501348 0.491663 0.657682 0.020091 0.955156
1 0.501021 0.539328 0.656220 0.017470 0.955156
1 0.500789 0.581349 0.655436 0.019217 0.955156
1 0.499224 0.623176 0.655436 0.020091 0.955156
1 0.502471 0.664056 0.658131 0.020964 0.955156
1 0.501283 0.706524 0.655436 0.020091 0.955156
1 0.501123 0.753497 0.653639 0.020648 0.955156
1 0.500674 0.795923 0.655436 0.020964 0.955156
1 0.497753 0.837012 0.653132 0.020091 0.955156
1 0.501238 0.879503 0.653409 0.020091 0.955156
1 0.505291 0.925999 0.655885 0.019868 0.955156
1 0.503435 0.969762 0.658638 0.019013 0.955156
1 0.500898 0.063520 0.654987 0.020091 0.955156
1 0.499840 0.106373 0.655885 0.021838 0.955156
1 0.497050 0.155933 0.653639 0.017767 0.955156
1 0.497354 0.193519 0.652910 0.016461 0.955156
1 0.503704 0.235802 0.657143 0.018519 0.955156
1 0.500529 0.282202 0.652910 0.016461 0.955156
1 0.501587 0.026749 0.655026 0.018519 0.955156
