1 0.498941 0.249378 0.656783 0.020528 0.692810
1 0.499251 0.292878 0.656105 0.020425 0.692810
1 0.500122 0.336614 0.655436 0.020091 0.692810
1 0.500629 0.375097 0.654308 0.018344 0.692810
1 0.502406 0.417589 0.657682 0.020091 0.692810
1 0.501021 0.465254 0.656220 0.017470 0.692810
1 0.497614 0.501102 0.655436 0.019217 0.692810
1 0.500282 0.547044 0.655436 0.020091 0.692810
1 0.503529 0.589982 0.658131 0.020964 0.692810
1 0.500225 0.632449 0.655436 0.020091 0.692810
1 0.500065 0.677365 0.653639 0.020648 0.692810
1 0.498557 0.719792 0.655436 0.020964 0.692810
1 0.497753 0.760880 0.653132 0.020091 0.692810
1 0.499121 0.809545 0.653409 0.020091 0.692810
1 0.500000 0.856040 0.655885 0.019868 0.692810
1 0.501319 0.889515 0.658638 0.019013 0.692810
1 0.498557 0.933962 0.657233 0.020964 0.692810
1 0.499840 0.977512 0.654987 0.020091 0.692810
0 0.500898 0.017895 0.655885 0.021838 0.692810
1 0.500225 0.071571 0.653639 0.017767 0.692810
1 0.498413 0.115329 0.652910 0.016461 0.692810
1 0.501587 0.155556 0.657143 0.018519 0.692810
1 0.501587 0.201955 0.652910 0.016461 0.692810
