1 0.500789 0.034359 0.655206 0.018985 0.441182
1 0.501957 0.082300 0.656783 0.020528 0.441182
1 0.502426 0.122096 0.656105 0.020425 0.441182
1 0.499064 0.163775 0.655436 0.020091 0.441182
1 0.496396 0.210488 0.654308 0.018344 0.441182
1 0.500290 0.252980 0.657682 0.020091 0.441182
1 0.502079 0.292414 0.656220 0.017470 0.441182
1 0.498672 0.338551 0.655436 0.019217 0.441182
1 0.501340 0.384493 0.655436 0.020091 0.441182
1 0.502471 0.425373 0.658131 0.020964 0.441182
1 0.500225 0.465783 0.655436 0.020091 0.441182
1 0.501123 0.510698 0.653639 0.020648 0.441182
1 0.497499 0.553125 0.655436 0.020964 0.441182
1 0.496694 0.598329 0.653132 0.020091 0.441182
1 0.499121 0.640820 0.653409 0.020091 0.441182
1 0.497884 0.683200 0.655885 0.019868 0.441182
1 0.499203 0.731079 0.658638 0.019013 0.441182
1 0.498557 0.769353 0.657233 0.020964 0.441182
1 0.495607 0.806730 0.654987 0.020091 0.441182
1 0.497724 0.854521 0.655885 0.021838 0.441182
1 0.498108 0.900789 0.653639 0.017767 0.441182
1 0.494180 0.941358 0.652910 0.016461 0.441182
1 0.497354 0.984774 0.657143 0.018519 0.441182
