1 0.503174 0.224687 0.656783 0.020528 0.981593
1 0.502426 0.268186 0.656105 0.020425 0.981593
1 0.502239 0.305750 0.655436 0.020091 0.981593
1 0.500629 0.356579 0.654308 0.018344 0.981593
1 0.501348 0.397013 0.657682 0.020091 0.981593
1 0.499963 0.438505 0.656220 0.017470 0.981593
1 0.499730 0.480526 0.655436 0.019217 0.981593
1 0.498166 0.526468 0.655436 0.020091 0.981593
1 0.503529 0.567348 0.658131 0.020964 0.981593
1 0.500225 0.613931 0.655436 0.020091 0.981593
1 0.497948 0.658847 0.653639 0.020648 0.981593
1 0.499616 0.697158 0.655436 0.020964 0.981593
1 0.497753 0.740304 0.653132 0.020091 0.981593
1 0.499121 0.778680 0.653409 0.020091 0.981593
1 0.501058 0.827233 0.655885 0.019868 0.981593
1 0.501319 0.870997 0.658638 0.019013 0.981593
1 0.498557 0.911329 0.657233 0.020964 0.981593
1 0.498782 0.955290 0.654987 0.020091 0.981593
1 0.499840 0.011723 0.655885 0.021838 0.981593
1 0.494934 0.050995 0.653639 0.017767 0.981593
1 0.495238 0.094753 0.652910 0.016461 0.981593
1 0.501587 0.137037 0.657143 0.018519 0.981593
1 0.498413 0.181379 0.652910 0.016461 0.981593
