1 0.493651 0.113169 0.656085 0.018519 0.761775
1 0.491534 0.153292 0.649735 0.016461 0.761775
1 0.492063 0.201646 0.652910 0.018519 0.761775
1 0.495767 0.240741 0.653968 0.018519 0.761775
1 0.494180 0.281893 0.652910 0.018519 0.761775
1 0.493651 0.327160 0.649735 0.018519 0.761775
1 0.493651 0.367284 0.649735 0.020576 0.761775
1 0.496296 0.417695 0.652910 0.018519 0.761775
1 0.494709 0.456790 0.651852 0.018519 0.761775
1 0.493122 0.497942 0.650794 0.018519 0.761775
1 0.495238 0.543210 0.652910 0.018519 0.761775
1 0.493651 0.579218 0.649735 0.024691 0.761775
1 0.495767 0.624486 0.651852 0.024691 0.761775
1 0.500000 0.665638 0.651852 0.020576 0.761775
1 0.497354 0.757202 0.646561 0.018519 0.761775
1 0.503175 0.710905 0.656085 0.024691 0.761775
1 0.502646 0.801440 0.652910 0.020576 0.761775
1 0.498413 0.841564 0.652910 0.018519 0.761775
1 0.501058 0.882716 0.653968 0.018519 0.761775
1 0.501587 0.924897 0.655026 0.016461 0.761775
1 0.502646 0.974280 0.650794 0.020576 0.761775
1 0.495767 0.074074 0.653968 0.026749 0.761775
1 0.490476 0.033333 0.649735 0.020576 0.761775
