1 0.498942 0.090535 0.656085 0.018519 0.892157
1 0.498942 0.124486 0.649735 0.016461 0.892157
1 0.497354 0.172840 0.652910 0.018519 0.892157
1 0.497884 0.209877 0.653968 0.018519 0.892157
1 0.498413 0.253086 0.652910 0.018519 0.892157
1 0.498942 0.300412 0.649735 0.018519 0.892157
1 0.498942 0.340535 0.649735 0.020576 0.892157
1 0.501587 0.386831 0.652910 0.018519 0.892157
1 0.496825 0.425926 0.651852 0.018519 0.892157
1 0.495238 0.473251 0.650794 0.018519 0.892157
1 0.499471 0.514403 0.652910 0.018519 0.892157
1 0.498942 0.554527 0.649735 0.024691 0.892157
1 0.498942 0.605967 0.651852 0.024691 0.892157
1 0.497884 0.640947 0.651852 0.020576 0.892157
1 0.496296 0.687243 0.646561 0.018519 0.892157
1 0.501058 0.730453 0.656085 0.014403 0.892157
1 0.499471 0.776749 0.652910 0.020576 0.892157
1 0.500529 0.816872 0.652910 0.018519 0.892157
1 0.498942 0.855967 0.653968 0.018519 0.892157
1 0.504762 0.904321 0.655026 0.016461 0.892157
1 0.500529 0.947531 0.650794 0.020576 0.892157
1 0.497884 0.045267 0.653968 0.026749 0.892157
1 0.498942 0.990535 0.649735 0.020576 0.892157
