1 0.492593 0.152263 0.656085 0.018519 0.833401
1 0.490476 0.192387 0.649735 0.016461 0.833401
1 0.493122 0.236626 0.652910 0.018519 0.833401
1 0.491534 0.279835 0.653968 0.018519 0.833401
1 0.493122 0.320988 0.652910 0.018519 0.833401
1 0.492593 0.368313 0.649735 0.018519 0.833401
1 0.491534 0.406379 0.649735 0.020576 0.833401
1 0.495238 0.450617 0.652910 0.018519 0.833401
1 0.500000 0.497942 0.651852 0.018519 0.833401
1 0.498413 0.537037 0.650794 0.018519 0.833401
1 0.498413 0.584362 0.652910 0.018519 0.833401
1 0.497884 0.624486 0.649735 0.024691 0.833401
1 0.498942 0.667695 0.651852 0.024691 0.833401
1 0.498942 0.712963 0.651852 0.020576 0.833401
1 0.498413 0.794239 0.646561 0.018519 0.833401
1 0.501058 0.750000 0.656085 0.024691 0.833401
1 0.501587 0.836420 0.652910 0.020576 0.833401
1 0.498413 0.886831 0.652910 0.018519 0.833401
1 0.502116 0.927984 0.653968 0.018519 0.833401
1 0.501587 0.968107 0.655026 0.016461 0.833401
1 0.489947 0.021811 0.650794 0.020576 0.833401
1 0.494709 0.109053 0.653968 0.026749 0.833401
1 0.494709 0.070370 0.649735 0.020576 0.833401
