1 0.496824 0.226744 0.656783 0.020528 0.961455
1 0.497135 0.270244 0.656105 0.020425 0.961455
1 0.498006 0.313981 0.655436 0.020091 0.961455
1 0.500629 0.354521 0.654308 0.018344 0.961455
1 0.500290 0.401128 0.657682 0.020091 0.961455
1 0.496788 0.446735 0.656220 0.017470 0.961455
1 0.496556 0.488757 0.655436 0.019217 0.961455
1 0.497107 0.534698 0.655436 0.020091 0.961455
1 0.498238 0.573521 0.658131 0.020964 0.961455
1 0.498108 0.620104 0.655436 0.020091 0.961455
1 0.497948 0.656789 0.653639 0.020648 0.961455
1 0.498557 0.703331 0.655436 0.020964 0.961455
1 0.498811 0.742362 0.653132 0.020091 0.961455
1 0.499121 0.786911 0.653409 0.020091 0.961455
1 0.497884 0.835464 0.655885 0.019868 0.961455
1 0.500261 0.875112 0.658638 0.019013 0.961455
1 0.499616 0.917501 0.657233 0.020964 0.961455
1 0.499840 0.965372 0.654987 0.020091 0.961455
1 0.495607 0.011723 0.655885 0.021838 0.961455
1 0.492817 0.059225 0.653639 0.017767 0.961455
1 0.494180 0.100926 0.652910 0.016461 0.961455
1 0.498413 0.147325 0.657143 0.018519 0.961455
1 0.494180 0.189609 0.652910 0.016461 0.961455
