1 0.502116 0.053498 0.656085 0.018519 0.891503
1 0.500000 0.097737 0.649735 0.016461 0.891503
1 0.498413 0.141975 0.652910 0.018519 0.891503
1 0.497884 0.187243 0.653968 0.018519 0.891503
1 0.498413 0.228395 0.652910 0.018519 0.891503
1 0.501058 0.265432 0.649735 0.018519 0.891503
1 0.498942 0.313786 0.649735 0.020576 0.891503
1 0.501587 0.355967 0.652910 0.018519 0.891503
1 0.496825 0.395062 0.651852 0.018519 0.891503
1 0.496296 0.442387 0.650794 0.018519 0.891503
1 0.499471 0.487654 0.652910 0.018519 0.891503
1 0.498942 0.529835 0.649735 0.024691 0.891503
1 0.498942 0.568930 0.651852 0.024691 0.891503
1 0.500000 0.610082 0.651852 0.020576 0.891503
1 0.500529 0.652263 0.646561 0.018519 0.891503
1 0.503175 0.697531 0.656085 0.014403 0.891503
1 0.500529 0.741770 0.652910 0.020576 0.891503
1 0.500529 0.786008 0.652910 0.018519 0.891503
1 0.502116 0.825103 0.653968 0.018519 0.891503
1 0.505820 0.873457 0.655026 0.016461 0.891503
1 0.502646 0.916667 0.650794 0.020576 0.891503
1 0.497884 0.012757 0.653968 0.026749 0.891503
1 0.502116 0.953498 0.649735 0.020576 0.891503
0 0.500000 0.986677 0.645503 0.024794 0.891503
