1 0.499999 0.296703 0.656783 0.020528 0.980120
1 0.499251 0.338145 0.656105 0.020425 0.980120
1 0.499064 0.379824 0.655436 0.020091 0.980120
1 0.502745 0.422422 0.654308 0.018344 0.980120
1 0.498173 0.466971 0.657682 0.020091 0.980120
1 0.499963 0.510521 0.656220 0.017470 0.980120
1 0.499730 0.552543 0.655436 0.019217 0.980120
1 0.499224 0.596427 0.655436 0.020091 0.980120
1 0.499296 0.635249 0.658131 0.020964 0.980120
1 0.500225 0.681832 0.655436 0.020091 0.980120
1 0.503239 0.726748 0.653639 0.020648 0.980120
1 0.502790 0.771232 0.655436 0.020964 0.980120
1 0.497753 0.816436 0.653132 0.020091 0.980120
1 0.500180 0.856870 0.653409 0.020091 0.980120
1 0.502116 0.903365 0.655885 0.019868 0.980120
1 0.505552 0.943013 0.658638 0.019013 0.980120
1 0.501732 0.990238 0.657233 0.020964 0.980120
1 0.498782 0.042018 0.654987 0.020091 0.980120
1 0.498782 0.078081 0.655885 0.021838 0.980120
1 0.500225 0.127127 0.653639 0.017767 0.980120
1 0.497354 0.170885 0.652910 0.016461 0.980120
1 0.501587 0.213169 0.657143 0.018519 0.980120
1 0.498413 0.251337 0.652910 0.016461 0.980120
