1 0.501057 0.298761 0.656783 0.020528 0.942702
1 0.500309 0.338145 0.656105 0.020425 0.942702
1 0.502239 0.381882 0.655436 0.020091 0.942702
1 0.503803 0.426537 0.654308 0.018344 0.942702
1 0.503464 0.471087 0.657682 0.020091 0.942702
1 0.497846 0.512579 0.656220 0.017470 0.942702
1 0.500789 0.558715 0.655436 0.019217 0.942702
1 0.500282 0.600542 0.655436 0.020091 0.942702
1 0.502471 0.645537 0.658131 0.020964 0.942702
1 0.499166 0.685947 0.655436 0.020091 0.942702
1 0.499007 0.726748 0.653639 0.020648 0.942702
1 0.500674 0.773290 0.655436 0.020964 0.942702
1 0.501985 0.810263 0.653132 0.020091 0.942702
1 0.500180 0.856870 0.653409 0.020091 0.942702
1 0.500000 0.899250 0.655885 0.019868 0.942702
1 0.505552 0.945071 0.658638 0.019013 0.942702
1 0.499840 0.042944 0.654987 0.020091 0.942702
1 0.501957 0.079624 0.655885 0.021838 0.942702
1 0.497050 0.125069 0.653639 0.017767 0.942702
1 0.499471 0.166770 0.652910 0.016461 0.942702
1 0.501587 0.215226 0.657143 0.018519 0.942702
1 0.502646 0.253395 0.652910 0.016461 0.942702
1 0.500529 0.992078 0.657143 0.016461 0.942702
