1 0.502115 0.255551 0.656783 0.020528 0.984527
1 0.501368 0.305223 0.656105 0.020425 0.984527
1 0.498006 0.342787 0.655436 0.020091 0.984527
1 0.498512 0.387443 0.654308 0.018344 0.984527
1 0.498173 0.429934 0.657682 0.020091 0.984527
1 0.501021 0.471426 0.656220 0.017470 0.984527
1 0.498672 0.513448 0.655436 0.019217 0.984527
1 0.498166 0.559390 0.655436 0.020091 0.984527
1 0.497180 0.602327 0.658131 0.020964 0.984527
1 0.495992 0.644795 0.655436 0.020091 0.984527
1 0.500065 0.689711 0.653639 0.020648 0.984527
1 0.498557 0.730080 0.655436 0.020964 0.984527
1 0.498811 0.775283 0.653132 0.020091 0.984527
1 0.500180 0.817775 0.653409 0.020091 0.984527
1 0.500000 0.858098 0.655885 0.019868 0.984527
1 0.501319 0.901861 0.658638 0.019013 0.984527
1 0.504907 0.946308 0.657233 0.020964 0.984527
1 0.499840 0.985948 0.654987 0.020091 0.984527
1 0.500898 0.040529 0.655885 0.021838 0.984527
1 0.501283 0.090089 0.653639 0.017767 0.984527
1 0.496296 0.131790 0.652910 0.016461 0.984527
1 0.497354 0.172016 0.657143 0.018519 0.984527
1 0.499471 0.214300 0.652910 0.016461 0.984527
