1 0.497883 0.210283 0.656783 0.020528 0.869281
1 0.496077 0.251725 0.656105 0.020425 0.869281
1 0.498006 0.297520 0.655436 0.020091 0.869281
1 0.500629 0.342175 0.654308 0.018344 0.869281
1 0.500290 0.386725 0.657682 0.020091 0.869281
1 0.498904 0.428216 0.656220 0.017470 0.869281
1 0.496556 0.472296 0.655436 0.019217 0.869281
1 0.496049 0.510007 0.655436 0.020091 0.869281
1 0.500354 0.552945 0.658131 0.020964 0.869281
1 0.498108 0.595412 0.655436 0.020091 0.869281
1 0.497948 0.642386 0.653639 0.020648 0.869281
1 0.498557 0.688927 0.655436 0.020964 0.869281
1 0.497753 0.725901 0.653132 0.020091 0.869281
1 0.494889 0.770450 0.653409 0.020091 0.869281
1 0.497884 0.812830 0.655885 0.019868 0.869281
1 0.498144 0.854536 0.658638 0.019013 0.869281
1 0.499616 0.896925 0.657233 0.020964 0.869281
1 0.494549 0.938623 0.654987 0.020091 0.869281
1 0.500898 0.980858 0.655885 0.021838 0.869281
1 0.500225 0.034534 0.653639 0.017767 0.869281
1 0.499471 0.076235 0.652910 0.016461 0.869281
1 0.498413 0.120576 0.657143 0.018519 0.869281
1 0.495238 0.162860 0.652910 0.016461 0.869281
