1 0.503174 0.202053 0.656783 0.020528 0.524628
1 0.504542 0.243495 0.656105 0.020425 0.524628
1 0.501180 0.285174 0.655436 0.020091 0.524628
1 0.501687 0.327772 0.654308 0.018344 0.524628
1 0.501348 0.370264 0.657682 0.020091 0.524628
1 0.501021 0.415871 0.656220 0.017470 0.524628
1 0.501847 0.455835 0.655436 0.019217 0.524628
1 0.500282 0.501777 0.655436 0.020091 0.524628
1 0.502471 0.544714 0.658131 0.020964 0.524628
1 0.500225 0.585124 0.655436 0.020091 0.524628
1 0.497948 0.632098 0.653639 0.020648 0.524628
1 0.500674 0.672467 0.655436 0.020964 0.524628
1 0.498811 0.717670 0.653132 0.020091 0.524628
1 0.501238 0.762220 0.653409 0.020091 0.524628
1 0.501058 0.798427 0.655885 0.019868 0.524628
1 0.501319 0.846305 0.658638 0.019013 0.524628
1 0.498557 0.884580 0.657233 0.020964 0.524628
1 0.498782 0.928129 0.654987 0.020091 0.524628
1 0.500898 0.973862 0.655885 0.021838 0.524628
1 0.499166 0.026303 0.653639 0.017767 0.524628
1 0.497354 0.065947 0.652910 0.016461 0.524628
1 0.501587 0.118519 0.657143 0.018519 0.524628
1 0.499471 0.156687 0.652910 0.016461 0.524628
