0 0.502014 0.019239 0.658466 0.019533 0.217237
1 0.499064 0.055357 0.656334 0.022275 0.217237
1 0.500789 0.098145 0.655206 0.018985 0.217237
1 0.501957 0.139913 0.656783 0.020528 0.217237
1 0.501368 0.181766 0.656105 0.020425 0.217237
1 0.500122 0.225503 0.655436 0.020091 0.217237
1 0.498512 0.270159 0.654308 0.018344 0.217237
1 0.498173 0.312650 0.657682 0.020091 0.217237
1 0.501021 0.352085 0.656220 0.017470 0.217237
1 0.498672 0.400279 0.655436 0.019217 0.217237
1 0.500282 0.444163 0.655436 0.020091 0.217237
1 0.500354 0.485043 0.658131 0.020964 0.217237
1 0.495992 0.523396 0.655436 0.020091 0.217237
1 0.499007 0.570369 0.653639 0.020648 0.217237
1 0.498557 0.616911 0.655436 0.020964 0.217237
1 0.496694 0.657999 0.653132 0.020091 0.217237
1 0.497005 0.694318 0.653409 0.020091 0.217237
1 0.497884 0.744929 0.655885 0.019868 0.217237
1 0.502377 0.788692 0.658638 0.019013 0.217237
1 0.499616 0.829024 0.657233 0.020964 0.217237
1 0.500898 0.870516 0.654987 0.020091 0.217237
1 0.500898 0.914192 0.655885 0.021838 0.217237
1 0.500225 0.960460 0.653639 0.017767 0.217237
