1 0.502115 0.280242 0.656783 0.020528 0.945969
1 0.500309 0.319627 0.656105 0.020425 0.945969
1 0.502239 0.365421 0.655436 0.020091 0.945969
1 0.501687 0.408019 0.654308 0.018344 0.945969
1 0.502406 0.452568 0.657682 0.020091 0.945969
1 0.501021 0.492002 0.656220 0.017470 0.945969
1 0.501847 0.534024 0.655436 0.019217 0.945969
1 0.500282 0.577908 0.655436 0.020091 0.945969
1 0.503529 0.620846 0.658131 0.020964 0.945969
1 0.503399 0.665371 0.655436 0.020091 0.945969
1 0.500065 0.706172 0.653639 0.020648 0.945969
1 0.502790 0.750656 0.655436 0.020964 0.945969
1 0.501985 0.793802 0.653132 0.020091 0.945969
1 0.500180 0.840409 0.653409 0.020091 0.945969
1 0.503175 0.880731 0.655885 0.019868 0.945969
1 0.502377 0.924495 0.658638 0.019013 0.945969
1 0.498782 0.020310 0.654987 0.020091 0.945969
1 0.500898 0.061105 0.655885 0.021838 0.945969
1 0.497050 0.104493 0.653639 0.017767 0.945969
1 0.500529 0.148251 0.652910 0.016461 0.945969
1 0.503704 0.192593 0.657143 0.018519 0.945969
1 0.500529 0.234877 0.652910 0.016461 0.945969
1 0.500529 0.968107 0.657143 0.016461 0.945969
