1 0.499999 0.253493 0.656783 0.020528 0.961119
1 0.497135 0.296993 0.656105 0.020425 0.961119
1 0.501180 0.340730 0.655436 0.020091 0.961119
1 0.500629 0.385385 0.654308 0.018344 0.961119
1 0.500290 0.429934 0.657682 0.020091 0.961119
1 0.496788 0.473484 0.656220 0.017470 0.961119
1 0.496556 0.515506 0.655436 0.019217 0.961119
1 0.497107 0.557332 0.655436 0.020091 0.961119
1 0.498238 0.594097 0.658131 0.020964 0.961119
1 0.498108 0.638622 0.655436 0.020091 0.961119
1 0.496890 0.687653 0.653639 0.020648 0.961119
1 0.498557 0.728022 0.655436 0.020964 0.961119
1 0.498811 0.771168 0.653132 0.020091 0.961119
1 0.500180 0.811602 0.653409 0.020091 0.961119
1 0.500000 0.862213 0.655885 0.019868 0.961119
1 0.500261 0.905976 0.658638 0.019013 0.961119
1 0.499616 0.944250 0.657233 0.020964 0.961119
1 0.501957 0.990681 0.654987 0.020091 0.961119
1 0.498782 0.042587 0.655885 0.021838 0.961119
1 0.497050 0.081859 0.653639 0.017767 0.961119
1 0.496296 0.127675 0.652910 0.016461 0.961119
1 0.500529 0.172016 0.657143 0.018519 0.961119
1 0.496296 0.214300 0.652910 0.016461 0.961119
