1 0.499999 0.218514 0.656783 0.020528 0.907563
1 0.502426 0.262013 0.656105 0.020425 0.907563
1 0.500122 0.307808 0.655436 0.020091 0.907563
1 0.503803 0.350406 0.654308 0.018344 0.907563
1 0.503464 0.392897 0.657682 0.020091 0.907563
1 0.501021 0.436447 0.656220 0.017470 0.907563
1 0.498672 0.474353 0.655436 0.019217 0.907563
1 0.502398 0.520295 0.655436 0.020091 0.907563
1 0.501413 0.565290 0.658131 0.020964 0.907563
1 0.501283 0.609816 0.655436 0.020091 0.907563
1 0.500065 0.652674 0.653639 0.020648 0.907563
1 0.501732 0.695100 0.655436 0.020964 0.907563
1 0.500927 0.736189 0.653132 0.020091 0.907563
1 0.502296 0.778680 0.653409 0.020091 0.907563
1 0.502116 0.819003 0.655885 0.019868 0.907563
1 0.502377 0.866881 0.658638 0.019013 0.907563
1 0.501732 0.913386 0.657233 0.020964 0.907563
1 0.504073 0.953644 0.654987 0.020091 0.907563
1 0.501957 0.010694 0.655885 0.021838 0.907563
1 0.502341 0.053052 0.653639 0.017767 0.907563
1 0.502646 0.092695 0.652910 0.016461 0.907563
1 0.503704 0.137037 0.657143 0.018519 0.907563
1 0.500529 0.177263 0.652910 0.016461 0.907563
0 0.502116 0.987654 0.651852 0.022634 0.907563
