1 0.498942 0.076132 0.656085 0.018519 0.788029
1 0.495767 0.118313 0.649735 0.016461 0.788029
1 0.494180 0.160494 0.652910 0.018519 0.788029
1 0.500000 0.203704 0.653968 0.018519 0.788029
1 0.497354 0.244856 0.652910 0.018519 0.788029
1 0.497884 0.290123 0.649735 0.018519 0.788029
1 0.496825 0.330247 0.649735 0.020576 0.788029
1 0.497354 0.374486 0.652910 0.018519 0.788029
1 0.496825 0.419753 0.651852 0.018519 0.788029
1 0.497354 0.460905 0.650794 0.018519 0.788029
1 0.493122 0.495885 0.652910 0.018519 0.788029
1 0.497884 0.544239 0.649735 0.024691 0.788029
1 0.495767 0.587449 0.651852 0.024691 0.788029
1 0.496825 0.634774 0.651852 0.020576 0.788029
1 0.496296 0.674897 0.646561 0.018519 0.788029
1 0.497884 0.720165 0.656085 0.014403 0.788029
1 0.493122 0.760288 0.652910 0.020576 0.788029
1 0.497354 0.802469 0.652910 0.018519 0.788029
1 0.497884 0.847737 0.653968 0.018519 0.788029
1 0.497354 0.889918 0.655026 0.016461 0.788029
1 0.493122 0.937243 0.650794 0.020576 0.788029
1 0.495767 0.028807 0.653968 0.026749 0.788029
1 0.495767 0.982305 0.649735 0.020576 0.788029
