1 0.499999 0.249378 0.656783 0.020528 0.960603
1 0.497135 0.288762 0.656105 0.020425 0.960603
1 0.501180 0.332499 0.655436 0.020091 0.960603
1 0.496396 0.379212 0.654308 0.018344 0.960603
1 0.501348 0.419646 0.657682 0.020091 0.960603
1 0.497846 0.465254 0.656220 0.017470 0.960603
1 0.497614 0.507275 0.655436 0.019217 0.960603
1 0.497107 0.551159 0.655436 0.020091 0.960603
1 0.498238 0.594097 0.658131 0.020964 0.960603
1 0.498108 0.638622 0.655436 0.020091 0.960603
1 0.494774 0.677365 0.653639 0.020648 0.960603
1 0.498557 0.721849 0.655436 0.020964 0.960603
1 0.498811 0.762938 0.653132 0.020091 0.960603
1 0.500180 0.807487 0.653409 0.020091 0.960603
1 0.501058 0.845752 0.655885 0.019868 0.960603
1 0.501319 0.891573 0.658638 0.019013 0.960603
1 0.502790 0.933962 0.657233 0.020964 0.960603
1 0.504073 0.980392 0.654987 0.020091 0.960603
1 0.498782 0.032299 0.655885 0.021838 0.960603
1 0.497050 0.075686 0.653639 0.017767 0.960603
1 0.497354 0.117387 0.652910 0.016461 0.960603
1 0.500529 0.159671 0.657143 0.018519 0.960603
1 0.496296 0.206070 0.652910 0.016461 0.960603
