1 0.496824 0.259666 0.656783 0.020528 0.866590
1 0.498193 0.305223 0.656105 0.020425 0.866590
1 0.496948 0.346903 0.655436 0.020091 0.866590
1 0.501687 0.387443 0.654308 0.018344 0.866590
1 0.499231 0.431992 0.657682 0.020091 0.866590
1 0.495730 0.477599 0.656220 0.017470 0.866590
1 0.494439 0.521678 0.655436 0.019217 0.866590
1 0.496049 0.563505 0.655436 0.020091 0.866590
1 0.500354 0.602327 0.658131 0.020964 0.866590
1 0.498108 0.646853 0.655436 0.020091 0.866590
1 0.495832 0.691768 0.653639 0.020648 0.866590
1 0.497499 0.738310 0.655436 0.020964 0.866590
1 0.498811 0.783514 0.653132 0.020091 0.866590
1 0.495947 0.821890 0.653409 0.020091 0.866590
1 0.497884 0.868386 0.655885 0.019868 0.866590
1 0.501319 0.905976 0.658638 0.019013 0.866590
1 0.499616 0.950423 0.657233 0.020964 0.866590
0 0.497724 0.985948 0.654987 0.020091 0.866590
1 0.493491 0.048760 0.655885 0.021838 0.866590
1 0.492817 0.083917 0.653639 0.017767 0.866590
1 0.495238 0.125617 0.652910 0.016461 0.866590
1 0.498413 0.169959 0.657143 0.018519 0.866590
1 0.494180 0.212243 0.652910 0.016461 0.866590
