1 0.498941 0.292588 0.656783 0.020528 0.978350
1 0.501368 0.340203 0.656105 0.020425 0.978350
1 0.496948 0.379824 0.655436 0.020091 0.978350
1 0.498512 0.422422 0.654308 0.018344 0.978350
1 0.500290 0.466971 0.657682 0.020091 0.978350
1 0.501021 0.508463 0.656220 0.017470 0.978350
1 0.497614 0.550485 0.655436 0.019217 0.978350
1 0.500282 0.596427 0.655436 0.020091 0.978350
1 0.500354 0.637307 0.658131 0.020964 0.978350
1 0.501283 0.681832 0.655436 0.020091 0.978350
1 0.497948 0.724690 0.653639 0.020648 0.978350
1 0.501732 0.765059 0.655436 0.020964 0.978350
1 0.498811 0.812320 0.653132 0.020091 0.978350
1 0.500180 0.854812 0.653409 0.020091 0.978350
1 0.502116 0.895135 0.655885 0.019868 0.978350
1 0.503435 0.938898 0.658638 0.019013 0.978350
1 0.501732 0.984065 0.657233 0.020964 0.978350
1 0.497724 0.033788 0.654987 0.020091 0.978350
1 0.498782 0.076023 0.655885 0.021838 0.978350
1 0.499166 0.125069 0.653639 0.017767 0.978350
1 0.497354 0.162654 0.652910 0.016461 0.978350
1 0.500529 0.211111 0.657143 0.018519 0.978350
1 0.500529 0.249280 0.652910 0.016461 0.978350
