1 0.497884 0.166667 0.656085 0.018519 0.806837
1 0.497884 0.210905 0.649735 0.016461 0.806837
1 0.498413 0.248971 0.652910 0.018519 0.806837
1 0.501058 0.290123 0.653968 0.018519 0.806837
1 0.498413 0.339506 0.652910 0.018519 0.806837
1 0.497884 0.382716 0.649735 0.018519 0.806837
1 0.500000 0.424897 0.649735 0.020576 0.806837
1 0.498413 0.469136 0.652910 0.018519 0.806837
1 0.498942 0.510288 0.651852 0.018519 0.806837
1 0.501587 0.551440 0.650794 0.018519 0.806837
1 0.499471 0.594650 0.652910 0.018519 0.806837
1 0.500000 0.634774 0.649735 0.024691 0.806837
1 0.503175 0.684156 0.651852 0.024691 0.806837
1 0.503175 0.725309 0.651852 0.020576 0.806837
1 0.502646 0.808642 0.646561 0.018519 0.806837
1 0.502116 0.768519 0.656085 0.024691 0.806837
1 0.502646 0.854938 0.652910 0.020576 0.806837
1 0.504762 0.893004 0.652910 0.018519 0.806837
1 0.502116 0.942387 0.653968 0.018519 0.806837
1 0.506878 0.989712 0.655026 0.016461 0.806837
0 0.494180 0.040329 0.650794 0.020576 0.806837
1 0.495767 0.119342 0.653968 0.026749 0.806837
1 0.494709 0.076543 0.649735 0.020576 0.806837
