1 0.502115 0.292588 0.656783 0.020528 0.951888
1 0.499251 0.329915 0.656105 0.020425 0.951888
1 0.498006 0.375709 0.655436 0.020091 0.951888
1 0.501687 0.416249 0.654308 0.018344 0.951888
1 0.502406 0.460799 0.657682 0.020091 0.951888
1 0.498904 0.502291 0.656220 0.017470 0.951888
1 0.498672 0.546370 0.655436 0.019217 0.951888
1 0.501340 0.592312 0.655436 0.020091 0.951888
1 0.503529 0.635249 0.658131 0.020964 0.951888
1 0.500225 0.675659 0.655436 0.020091 0.951888
1 0.501123 0.722633 0.653639 0.020648 0.951888
1 0.501732 0.763002 0.655436 0.020964 0.951888
1 0.499869 0.806148 0.653132 0.020091 0.951888
1 0.498063 0.850697 0.653409 0.020091 0.951888
1 0.501058 0.895135 0.655885 0.019868 0.951888
1 0.501319 0.936840 0.658638 0.019013 0.951888
1 0.500898 0.034713 0.654987 0.020091 0.951888
1 0.499840 0.073451 0.655885 0.021838 0.951888
1 0.499166 0.116838 0.653639 0.017767 0.951888
1 0.498413 0.154424 0.652910 0.016461 0.951888
1 0.502646 0.202881 0.657143 0.018519 0.951888
1 0.499471 0.245165 0.652910 0.016461 0.951888
1 0.497884 0.976337 0.649735 0.024691 0.951888
