1 0.502115 0.245263 0.656783 0.020528 0.911765
1 0.502426 0.288762 0.656105 0.020425 0.911765
1 0.500122 0.328384 0.655436 0.020091 0.911765
1 0.502745 0.370982 0.654308 0.018344 0.911765
1 0.503464 0.415531 0.657682 0.020091 0.911765
1 0.502079 0.454965 0.656220 0.017470 0.911765
1 0.499730 0.499045 0.655436 0.019217 0.911765
1 0.502398 0.544986 0.655436 0.020091 0.911765
1 0.500354 0.589982 0.658131 0.020964 0.911765
1 0.501283 0.630392 0.655436 0.020091 0.911765
1 0.501123 0.677365 0.653639 0.020648 0.911765
1 0.501732 0.721849 0.655436 0.020964 0.911765
1 0.501985 0.762938 0.653132 0.020091 0.911765
1 0.502296 0.803372 0.653409 0.020091 0.911765
1 0.502116 0.847810 0.655885 0.019868 0.911765
1 0.501319 0.891573 0.658638 0.019013 0.911765
1 0.501732 0.938077 0.657233 0.020964 0.911765
1 0.499840 0.984508 0.654987 0.020091 0.911765
1 0.503015 0.032299 0.655885 0.021838 0.911765
1 0.501283 0.073629 0.653639 0.017767 0.911765
1 0.500529 0.117387 0.652910 0.016461 0.911765
1 0.505820 0.161728 0.657143 0.018519 0.911765
1 0.500529 0.204012 0.652910 0.016461 0.911765
