1 0.501058 0.100823 0.656085 0.018519 0.924837
1 0.496825 0.140947 0.649735 0.016461 0.924837
1 0.498413 0.187243 0.652910 0.018519 0.924837
1 0.496825 0.222222 0.653968 0.018519 0.924837
1 0.499471 0.267490 0.652910 0.018519 0.924837
1 0.500000 0.312757 0.649735 0.018519 0.924837
1 0.496825 0.354938 0.649735 0.020576 0.924837
1 0.496296 0.399177 0.652910 0.018519 0.924837
1 0.500000 0.438272 0.651852 0.018519 0.924837
1 0.497354 0.487654 0.650794 0.018519 0.924837
1 0.498413 0.528807 0.652910 0.018519 0.924837
1 0.498942 0.564815 0.649735 0.024691 0.924837
1 0.500000 0.614198 0.651852 0.024691 0.924837
1 0.501058 0.655350 0.651852 0.020576 0.924837
1 0.500529 0.697531 0.646561 0.018519 0.924837
1 0.502116 0.744856 0.656085 0.014403 0.924837
1 0.498413 0.787037 0.652910 0.020576 0.924837
1 0.500529 0.833333 0.652910 0.018519 0.924837
1 0.502116 0.870370 0.653968 0.018519 0.924837
1 0.503704 0.918724 0.655026 0.016461 0.924837
1 0.503704 0.960905 0.655026 0.022634 0.924837
1 0.499471 0.054527 0.657143 0.016461 0.924837
1 0.500000 0.009568 0.649735 0.020576 0.924837
0 0.503175 0.987654 0.649735 0.014403 0.924837
