1 0.497135 0.080943 0.656105 0.020425 0.325392
1 0.501180 0.120565 0.655436 0.020091 0.325392
1 0.499571 0.163163 0.654308 0.018344 0.325392
1 0.501348 0.205655 0.657682 0.020091 0.325392
1 0.503137 0.243031 0.656220 0.017470 0.325392
1 0.503963 0.285053 0.655436 0.019217 0.325392
1 0.502398 0.335110 0.655436 0.020091 0.325392
1 0.504587 0.373932 0.658131 0.020964 0.325392
1 0.502341 0.422573 0.655436 0.020091 0.325392
1 0.501123 0.461316 0.653639 0.020648 0.325392
1 0.499616 0.503742 0.655436 0.020964 0.325392
1 0.497753 0.551004 0.653132 0.020091 0.325392
1 0.499121 0.593495 0.653409 0.020091 0.325392
1 0.501058 0.631760 0.655885 0.019868 0.325392
1 0.497086 0.673466 0.658638 0.019013 0.325392
1 0.501732 0.722028 0.657233 0.020964 0.325392
1 0.497724 0.763520 0.654987 0.020091 0.325392
1 0.503015 0.811311 0.655885 0.021838 0.325392
1 0.500225 0.849349 0.653639 0.017767 0.325392
1 0.500529 0.898148 0.652910 0.016461 0.325392
1 0.506349 0.933745 0.656085 0.015226 0.325392
1 0.502646 0.974280 0.657143 0.024691 0.325392
1 0.497884 0.039095 0.656085 0.018519 0.325392
