1 0.499251 0.037734 0.656105 0.020425 0.333333
1 0.503297 0.083528 0.655436 0.020091 0.333333
1 0.499571 0.126126 0.654308 0.018344 0.333333
1 0.500290 0.170675 0.657682 0.020091 0.333333
1 0.503137 0.214225 0.656220 0.017470 0.333333
1 0.503963 0.256246 0.655436 0.019217 0.333333
1 0.502398 0.302188 0.655436 0.020091 0.333333
1 0.503529 0.347183 0.658131 0.020964 0.333333
1 0.502341 0.389651 0.655436 0.020091 0.333333
1 0.501123 0.428394 0.653639 0.020648 0.333333
1 0.499616 0.470820 0.655436 0.020964 0.333333
1 0.499869 0.516024 0.653132 0.020091 0.333333
1 0.499121 0.562631 0.653409 0.020091 0.333333
1 0.501058 0.607069 0.655885 0.019868 0.333333
1 0.499203 0.650832 0.658638 0.019013 0.333333
1 0.499616 0.693222 0.657233 0.020964 0.333333
1 0.498782 0.736771 0.654987 0.020091 0.333333
1 0.503015 0.778389 0.655885 0.021838 0.333333
1 0.500225 0.814369 0.653639 0.017767 0.333333
1 0.499471 0.865226 0.652910 0.016461 0.333333
1 0.501058 0.900823 0.656085 0.015226 0.333333
1 0.502646 0.943416 0.657143 0.024691 0.333333
0 0.500000 0.993107 0.656085 0.014403 0.333333
