1 0.496666 0.969542 0.656783 0.020528 0.640523
1 0.500309 0.027446 0.656105 0.020425 0.640523
1 0.498006 0.067067 0.655436 0.020091 0.640523
1 0.495338 0.109665 0.654308 0.018344 0.640523
1 0.501348 0.152157 0.657682 0.020091 0.640523
1 0.498904 0.187476 0.656220 0.017470 0.640523
1 0.498672 0.235670 0.655436 0.019217 0.640523
1 0.501340 0.281612 0.655436 0.020091 0.640523
1 0.502471 0.326607 0.658131 0.020964 0.640523
1 0.499166 0.364960 0.655436 0.020091 0.640523
1 0.501123 0.409875 0.653639 0.020648 0.640523
1 0.499616 0.456417 0.655436 0.020964 0.640523
1 0.499869 0.499563 0.653132 0.020091 0.640523
1 0.498063 0.535882 0.653409 0.020091 0.640523
1 0.497884 0.582377 0.655885 0.019868 0.640523
1 0.500261 0.626141 0.658638 0.019013 0.640523
1 0.497499 0.664415 0.657233 0.020964 0.640523
1 0.494549 0.712080 0.654987 0.020091 0.640523
1 0.499840 0.755755 0.655885 0.021838 0.640523
1 0.493875 0.799966 0.653639 0.017767 0.640523
1 0.496296 0.840535 0.652910 0.016461 0.640523
1 0.496296 0.881893 0.657143 0.018519 0.640523
1 0.495238 0.928292 0.652910 0.016461 0.640523
