1 0.499999 0.263781 0.656783 0.020528 0.980256
1 0.499251 0.311396 0.656105 0.020425 0.980256
1 0.499064 0.355133 0.655436 0.020091 0.980256
1 0.498512 0.397731 0.654308 0.018344 0.980256
1 0.498173 0.440222 0.657682 0.020091 0.980256
1 0.499963 0.481714 0.656220 0.017470 0.980256
1 0.499730 0.523736 0.655436 0.019217 0.980256
1 0.499224 0.567620 0.655436 0.020091 0.980256
1 0.499296 0.610558 0.658131 0.020964 0.980256
1 0.500225 0.655083 0.655436 0.020091 0.980256
1 0.503239 0.693826 0.653639 0.020648 0.980256
1 0.502790 0.734195 0.655436 0.020964 0.980256
1 0.497753 0.781456 0.653132 0.020091 0.980256
1 0.500180 0.821890 0.653409 0.020091 0.980256
1 0.502116 0.866328 0.655885 0.019868 0.980256
1 0.505552 0.910091 0.658638 0.019013 0.980256
1 0.501732 0.955053 0.657233 0.020964 0.980256
1 0.498782 0.011154 0.654987 0.020091 0.980256
1 0.498782 0.045159 0.655885 0.021838 0.980256
1 0.499166 0.088032 0.653639 0.017767 0.980256
1 0.497354 0.131790 0.652910 0.016461 0.980256
1 0.500529 0.176132 0.657143 0.018519 0.980256
1 0.500529 0.222531 0.652910 0.016461 0.980256
0 0.500529 0.985597 0.652910 0.014403 0.980256
